0 0 16 0 32 0 4 0 0 0 0 0 10 178 0 0 0 0 0 0 0 4 18 186 176 0 0 0 0 0 0 0 0 172 172 0 0 0 0 0 0 0 0 172 168 0 0 0 0 0 0 0 0 82 92 0 2 0 0 0 0 0 0 40 48 0 0 0 0 0 0 0 0 24 30 0 0 0 0 0 0 0 0 0 0 0 0 0 0 0 0 0 0 0 0 0 0 0 0 0
4
0 0 0 16 6 0 0 0 0 0 0 0 0 174 142 0 0 0 8 0 0 0 16 168 172 0 0 0 0 0 0 0 28 174 180 0 0 0 0 0 0 2 0 184 174 0 0 0 10 2 0 0 0 70 74 0 0 0 0 0 0 0 0 36 40 0 0 0 0 0 0 0 0 28 12 0 0 0 0 0 0 0 0 0 0 0 0 0 0 0 0 0 0 0 0 0 0 0 0 0
4
0 0 0 0 0 0 0 0 0 0 0 0 0 172 192 0 0 0 12 20 0 0 30 186 184 0 0 0 0 0 0 0 26 180 174 0 0 0 0 0 0 0 8 176 166 0 0 2 2 0 0 0 0 70 68 4 0 0 0 0 0 0 0 38 38 0 0 0 0 0 0 0 0 12 22 0 0 0 0 0 0 0 0 0 0 0 0 0 0 0 0 0 0 0 0 0 0 0 0 0
4
0 0 0 0 24 0 0 0 0 0 0 0 10 190 184 0 0 0 4 10 0 0 20 178 180 0 0 0 0 6 0 0 2 170 174 0 0 0 0 0 0 0 16 158 166 0 0 0 0 0 0 0 0 76 60 0 0 0 0 0 0 0 0 28 44 0 0 6 0 0 0 0 0 18 20 0 0 0 0 0 0 0 0 0 0 0 0 0 0 0 0 0 0 0 0 0 0 0 0 0
4
0 0 0 0 0 0 0 0 0 0 0 0 12 176 184 0 0 0 10 0 0 0 16 184 180 0 0 0 0 6 0 0 14 152 172 0 0 0 0 2 0 0 0 174 174 0 0 0 6 4 0 0 0 78 78 6 0 0 0 0 0 0 0 34 30 0 0 0 0 0 0 0 0 0 14 0 0 0 0 0 0 0 0 0 0 0 0 0 0 0 0 0 0 0 0 0 0 0 0 0
4
0 0 0 126 18 4 0 4 0 0 0 6 2 168 180 4 0 0 0 0 0 0 14 198 180 2 0 0 0 12 0 0 14 186 182 0 0 0 0 6 0 0 0 174 170 0 0 0 10 0 0 0 0 76 86 8 4 2 0 0 0 0 0 38 30 2 0 0 0 0 0 0 0 2 16 0 0 0 0 0 0 0 0 0 0 0 0 0 0 0 0 0 0 0 0 0 0 0 0 0
4
0 0 0 172 88 0 0 0 2 4 0 0 0 174 174 78 0 28 8 0 0 0 16 170 172 92 0 0 0 6 0 0 16 178 180 46 0 0 0 4 0 0 0 176 166 48 0 0 0 0 0 0 0 72 80 10 16 0 0 0 0 0 0 26 36 6 0 0 0 0 0 0 0 8 24 0 0 0 0 0 0 0 0 0 0 0 0 0 0 0 0 0 0 0 0 0 0 0 0 0
4
0 0 0 178 182 32 0 0 0 4 0 0 2 184 180 186 0 0 0 6 0 0 0 174 160 130 0 0 0 0 0 0 12 168 180 96 0 0 0 6 0 0 2 166 162 54 0 0 0 0 0 0 0 120 76 16 10 0 0 0 0 0 0 20 34 16 0 0 0 0 0 0 0 4 8 0 0 0 0 0 0 0 0 0 2 0 0 0 0 0 0 0 0 0 0 0 0 0 0 0
4
0 0 0 174 174 172 0 0 0 0 0 0 4 172 170 158 0 0 0 0 0 0 0 176 174 168 0 0 0 8 0 0 0 184 182 160 0 0 0 0 0 0 0 174 162 162 0 0 8 0 0 0 0 166 136 54 0 0 0 0 0 0 0 38 42 16 0 0 0 0 0 0 0 0 8 10 0 0 0 0 0 0 0 0 0 0 0 0 0 0 0 0 0 0 0 0 0 0 0 0
4
0 8 98 166 174 166 0 0 0 0 0 0 100 176 176 192 0 0 0 2 0 10 98 168 180 174 0 0 0 0 0 0 96 176 170 160 0 0 0 0 0 0 60 172 170 158 0 0 0 14 0 0 12 176 162 102 0 0 0 4 0 0 0 16 32 34 0 0 0 0 0 0 0 4 14 0 0 0 0 0 0 0 0 0 0 0 0 0 0 0 0 0 0 0 0 0 0 0 0 0
4
0 0 152 168 166 160 0 0 0 2 0 2 134 180 178 186 0 0 0 0 0 2 142 180 180 202 0 0 0 0 0 0 124 176 190 194 0 0 0 0 0 0 98 184 174 174 0 0 0 0 0 0 64 158 170 178 4 0 0 0 0 0 0 38 42 34 0 0 0 0 0 0 0 16 26 22 4 0 0 0 0 0 0 0 0 0 0 0 0 0 0 0 0 0 0 0 0 0 0 0
4
0 0 162 172 172 156 10 6 0 0 0 2 134 184 180 174 0 0 0 0 0 8 146 176 178 172 0 0 0 0 0 12 162 180 180 172 0 0 0 0 0 2 152 174 180 190 0 0 4 0 0 0 144 178 174 176 0 0 0 0 0 0 30 50 36 60 0 0 0 0 0 0 14 0 6 16 0 0 0 0 0 0 0 0 0 0 0 0 0 0 0 0 0 0 0 0 0 0 0 0
4
0 2 166 174 194 184 0 0 0 2 0 6 182 180 174 182 0 0 0 6 0 6 166 180 180 166 0 0 0 6 0 16 174 190 180 160 0 0 0 2 0 0 168 178 176 144 0 0 0 0 0 12 190 174 182 160 0 0 0 0 0 0 36 38 48 56 0 0 0 0 0 0 10 20 10 2 0 0 0 0 0 0 0 0 0 4 0 0 0 0 0 0 0 0 0 0 0 0 0 0
4
0 24 182 170 176 174 0 0 0 0 0 20 172 190 194 182 0 0 0 0 0 6 174 176 184 176 0 0 0 6 0 8 174 180 190 172 0 0 0 14 0 0 174 196 180 180 0 0 0 14 0 12 174 184 176 178 0 0 0 0 0 0 46 52 52 62 0 0 0 0 0 0 18 16 18 12 0 0 0 0 0 0 0 0 0 0 0 0 0 0 0 0 0 0 0 0 0 0 0 0
4
0 20 176 178 174 180 0 0 0 4 2 12 174 176 184 170 0 0 0 0 0 10 170 178 190 176 0 0 0 16 0 12 174 180 176 178 0 0 0 0 0 0 176 174 180 180 0 0 0 2 0 0 170 164 182 174 0 0 0 0 0 0 86 50 64 72 0 2 0 0 0 0 16 10 34 16 0 0 0 0 0 0 0 0 0 0 0 0 0 0 0 0 0 0 0 0 0 0 0 0
4
2 158 174 174 172 174 16 0 0 4 0 158 174 184 180 170 16 0 0 0 0 166 184 190 180 180 14 0 0 0 0 162 174 176 174 166 28 0 0 0 0 168 188 190 182 180 0 0 0 0 0 166 168 186 188 174 20 0 0 0 0 158 168 180 104 48 0 0 0 0 0 2 18 16 22 28 0 0 0 0 0 0 0 0 0 0 0 0 0 0 0 0 0 0 0 0 0 0 0 0
4
48 154 176 180 180 182 82 0 0 0 42 168 188 176 190 186 82 0 0 0 40 156 178 178 180 180 64 0 0 0 48 170 186 184 178 180 30 0 0 8 36 178 190 176 176 184 18 0 0 2 22 178 184 170 160 170 0 0 0 0 32 162 176 186 188 142 0 4 0 0 0 24 10 26 30 34 0 0 0 0 0 0 4 4 0 0 0 0 0 0 0 0 0 0 0 0 0 0 0 0
4
136 158 170 172 178 180 186 0 0 2 160 166 174 184 196 180 192 0 0 0 152 170 186 178 178 174 164 0 0 0 168 174 204 196 194 184 150 0 0 6 164 178 190 192 184 182 150 0 0 0 168 170 180 180 184 184 146 0 0 0 136 162 168 176 178 174 112 0 0 0 130 164 68 34 30 42 2 0 0 0 0 0 2 6 14 6 2 0 0 0 0 0 0 0 0 0 0 0 0 0
2
138 170 176 188 182 180 180 184 0 0 148 178 186 170 180 186 180 194 0 0 126 174 186 194 176 184 178 190 0 0 120 180 190 180 174 178 180 180 0 0 148 176 190 184 184 184 172 176 0 0 108 186 186 180 186 178 160 168 0 2 102 174 180 188 180 174 182 124 0 0 16 160 196 94 28 50 42 20 0 0 0 4 6 22 16 24 12 0 0 0 0 0 0 0 0 0 0 0 0 0
0
0 0 0 0 0 0 0 0 10 0 0 0 0 16 18 10 2 0 0 0 18 14 0 0 0 2 0 4 0 0 10 0 0 0 0 0 0 0 0 18 0 0 0 0 0 0 0 0 0 0 0 0 0 0 0 0 0 0 0 0 0 0 0 0 0 0 0 0 0 0 0 0 0 0 0 0 0 0 0 0 0 0 0 0 0 0 0 0 0 0 0 0 0 0 0 0 0 0 0 0
1
10 2 0 0 0 0 0 0 0 0 0 4 0 24 0 0 0 0 0 0 8 0 4 0 0 6 6 0 0 0 6 0 6 0 0 6 8 10 0 0 0 0 0 0 0 0 0 0 0 0 0 0 0 0 0 0 0 0 0 0 0 0 0 0 0 0 0 0 0 0 0 0 0 0 0 0 0 0 0 0 0 0 0 0 0 0 0 0 0 0 0 0 0 0 0 0 0 0 0 0
1
6 10 0 0 0 0 14 12 8 0 0 8 2 0 0 0 0 0 0 0 0 10 2 0 0 2 10 0 0 0 6 0 0 0 2 10 2 0 0 0 0 0 0 0 0 0 0 0 0 0 0 6 10 0 0 0 0 0 0 0 0 0 0 0 0 0 0 0 0 0 0 0 0 0 0 0 0 0 0 0 0 0 0 0 0 0 0 0 0 0 0 0 0 0 0 0 0 0 0 0
1
0 0 0 0 0 2 10 28 0 0 0 6 8 8 8 0 0 0 0 0 0 6 10 4 10 6 0 2 0 0 8 14 0 0 4 0 24 4 0 0 0 0 0 0 0 0 0 0 0 0 0 0 0 0 0 0 0 0 0 0 0 0 0 0 0 0 0 0 0 0 0 0 0 0 0 0 0 0 0 0 0 0 0 0 0 0 0 0 0 0 0 0 0 0 0 0 0 0 0 0
1
0 0 0 0 18 2 22 0 0 0 0 6 0 0 0 0 0 0 0 0 10 14 6 4 14 6 0 10 8 0 8 0 6 0 2 6 6 0 0 0 0 0 0 0 0 0 0 0 0 0 2 0 0 0 0 0 0 0 0 0 0 0 0 0 0 0 0 0 0 0 0 0 0 0 0 0 0 0 0 0 0 0 0 0 0 0 0 0 0 0 0 0 0 0 0 0 0 0 0 0
1
0 0 0 8 6 8 4 0 0 0 0 8 10 10 0 6 2 0 0 0 0 10 4 10 6 6 0 6 0 0 8 6 0 10 10 0 4 0 6 0 0 0 0 0 0 0 0 0 0 0 0 0 0 0 0 0 0 0 0 0 0 0 0 0 0 0 0 0 0 0 0 0 0 0 0 0 0 0 0 0 0 0 0 0 0 0 0 0 0 0 0 0 0 0 0 0 0 0 0 0
1
0 0 10 6 12 14 0 6 18 0 0 4 8 10 8 0 0 0 0 0 6 8 0 2 10 6 4 10 4 0 4 0 4 4 4 14 14 4 0 0 0 0 0 0 0 0 0 0 0 0 0 0 0 0 0 0 0 0 0 0 0 0 0 0 0 0 0 0 0 0 0 0 0 0 0 0 0 0 0 0 0 0 0 0 0 0 0 0 0 0 0 0 0 0 0 0 0 0 0 0
1
0 0 4 4 0 4 20 20 10 0 0 0 10 0 2 8 0 0 0 0 12 6 8 4 4 0 6 6 0 0 4 4 4 6 4 2 18 6 4 0 0 0 0 0 0 0 0 0 0 0 0 0 0 0 0 0 0 0 0 0 0 0 0 0 0 0 0 0 0 0 0 0 0 0 0 0 0 0 0 0 0 0 0 0 0 0 0 0 0 0 0 0 0 0 0 0 0 0 0 0
1
6 10 0 6 6 0 6 10 0 0 0 0 4 6 10 8 8 14 4 0 14 0 0 8 4 4 0 0 0 0 8 4 0 0 0 6 2 8 0 0 0 0 0 0 0 0 0 0 0 0 0 0 0 0 0 0 0 0 0 0 0 0 0 0 0 0 0 0 0 0 0 0 0 0 0 0 0 0 0 0 0 0 0 0 0 0 0 0 0 0 0 0 0 0 0 0 0 0 0 0
1
6 0 0 4 4 0 0 0 0 0 0 0 0 0 0 6 0 0 4 0 14 8 0 0 4 0 0 10 0 0 10 8 6 12 0 16 6 0 0 0 0 0 0 0 0 0 0 0 0 0 0 0 0 0 0 0 0 0 0 0 0 0 0 0 0 0 0 0 0 0 0 0 0 0 0 0 0 0 0 0 0 0 0 0 0 0 0 0 0 0 0 0 0 0 0 0 0 0 0 0
1
4 0 10 14 12 0 10 6 0 0 0 0 0 8 14 0 4 0 0 0 0 0 4 0 0 0 0 0 0 0 16 12 4 8 8 20 14 10 20 0 0 0 0 0 0 0 0 0 0 0 0 0 0 0 0 0 0 0 0 0 0 0 0 0 0 0 0 0 0 0 0 0 0 0 0 0 0 0 0 0 0 0 0 0 0 0 0 0 0 0 0 0 0 0 0 0 0 0 0 0
1
10 0 0 6 4 0 4 8 0 0 0 0 0 0 0 0 2 0 0 0 16 4 0 6 2 10 4 8 0 0 10 22 6 4 8 4 8 6 0 0 0 0 0 0 0 0 0 0 0 0 0 0 0 0 0 0 0 0 0 0 0 0 0 0 0 0 0 0 0 0 0 0 0 0 0 0 0 0 0 0 0 0 0 0 0 0 0 0 0 0 0 0 0 0 0 0 0 0 0 0
1
0 14 6 0 18 0 8 0 0 0 0 0 2 0 0 4 18 0 0 0 8 6 6 0 22 10 16 0 0 0 4 2 6 6 4 14 4 6 0 0 0 0 0 0 0 0 0 0 0 0 0 0 0 0 0 0 0 0 0 0 0 0 0 0 0 0 0 0 0 0 0 0 0 0 0 0 0 0 0 0 0 0 0 0 0 0 0 0 0 0 0 0 0 0 0 0 0 0 0 0
1
6 12 6 12 10 2 0 0 0 0 0 12 0 0 0 2 0 0 0 0 20 10 16 6 4 22 8 6 0 0 6 24 0 14 20 16 14 16 0 0 0 0 0 0 0 0 0 0 0 0 0 0 0 0 0 6 0 0 0 0 0 0 0 0 0 0 0 0 0 0 0 0 0 0 0 0 0 0 0 0 0 0 0 0 0 0 0 0 0 0 0 0 0 0 0 0 0 0 0 0
1
2 0 10 10 14 0 0 0 0 0 0 0 10 0 12 0 0 0 0 20 10 10 2 0 18 6 4 0 10 0 6 12 26 14 10 10 18 10 0 2 0 0 0 0 0 0 0 0 0 0 0 0 0 0 0 0 0 0 0 0 0 0 0 0 0 0 0 0 0 0 0 0 0 0 0 0 0 0 0 0 0 0 0 0 0 0 0 0 0 0 0 0 0 0 0 0 0 0 0 0
1
14 14 8 6 0 0 0 0 0 0 0 10 16 10 0 0 0 0 0 146 0 10 16 8 6 0 0 0 0 162 0 0 14 18 14 6 10 2 6 130 0 0 0 0 0 0 6 0 10 166 0 0 0 0 0 0 0 0 0 50 0 0 0 0 0 0 0 0 0 34 0 0 0 0 0 0 0 0 0 0 0 0 0 0 0 0 0 0 0 0 0 0 0 0 0 0 0 0 0 0
3
14 4 4 0 0 0 0 0 0 8 0 14 38 0 0 0 0 0 154 162 12 0 14 20 8 4 10 0 128 152 8 2 16 18 14 18 10 0 128 142 0 0 0 0 0 14 10 0 170 136 0 0 0 0 0 0 2 0 76 68 0 0 0 0 0 0 0 0 36 16 0 0 0 0 0 0 0 0 22 2 0 0 0 0 0 0 0 0 12 0 0 0 0 0 0 0 0 0 0 0
3
2 0 0 0 0 0 0 0 18 0 0 16 0 0 0 0 0 98 172 160 0 0 0 0 14 0 0 144 176 156 6 8 10 14 14 0 0 174 156 160 0 0 0 0 0 0 0 172 152 162 0 0 0 0 0 0 0 76 58 38 0 0 0 0 2 0 0 48 28 28 0 0 0 0 0 0 0 20 26 12 0 0 0 0 0 0 0 0 0 0 0 0 0 0 0 0 0 0 0 0
3
0 0 0 0 0 4 0 0 16 0 0 0 0 0 0 0 0 182 180 0 0 0 0 0 0 0 98 174 152 0 0 30 18 6 10 0 124 170 178 0 0 0 0 0 0 0 108 174 194 0 0 0 0 0 0 0 48 88 60 0 0 0 0 0 0 0 22 32 44 0 0 0 0 0 0 0 12 16 24 0 0 0 0 0 0 0 0 0 0 0 0 0 0 0 0 0 0 0 0 0
4
0 0 0 0 0 0 0 0 6 0 0 0 0 0 0 0 0 166 178 20 0 0 2 0 12 0 0 170 170 0 0 8 10 0 0 0 0 180 164 0 0 0 0 0 8 0 0 170 156 2 0 0 0 0 6 0 0 66 68 0 0 0 0 0 0 0 4 38 38 0 0 0 0 0 0 0 4 10 20 0 0 0 0 0 0 0 0 0 0 0 0 0 0 0 0 0 0 0 0 0
3
0 0 0 0 0 0 0 30 0 0 0 0 0 0 0 2 162 182 14 0 0 0 0 0 0 0 170 166 0 0 2 0 4 10 8 0 170 172 0 0 0 0 0 4 2 0 158 172 6 0 0 0 0 0 8 0 102 70 0 0 0 0 0 0 0 0 44 42 0 0 0 0 0 0 0 0 16 28 0 0 0 0 0 0 0 0 0 0 0 0 0 0 0 0 0 0 0 0 0 0
4
0 0 0 0 0 0 0 8 0 0 0 0 0 0 0 18 160 186 0 0 0 8 0 12 0 0 162 184 0 0 0 0 8 16 0 2 170 166 0 0 0 0 0 4 0 18 162 160 12 0 0 0 0 0 0 2 88 70 0 0 0 0 0 0 0 0 48 32 0 0 0 0 0 0 0 0 34 16 0 0 0 0 0 0 0 0 0 0 0 0 0 0 0 0 0 0 0 0 0 0
4
0 0 0 0 0 0 0 14 0 0 0 0 0 0 2 0 142 172 166 0 0 0 6 12 14 0 156 166 128 0 6 4 4 10 0 0 164 180 78 0 0 0 0 6 2 14 158 166 54 2 0 0 0 0 0 0 88 68 16 0 0 0 0 0 0 0 64 38 0 0 0 0 0 0 0 4 30 38 0 0 0 0 0 0 0 0 12 0 0 0 0 0 0 0 0 0 0 0 0 0
4
0 0 0 0 0 0 0 66 0 0 0 0 0 0 0 0 150 170 168 0 0 8 6 10 0 0 158 176 168 0 0 0 0 14 0 0 164 174 178 0 0 0 0 0 2 6 156 166 158 0 0 0 0 0 0 0 102 66 58 0 0 0 0 0 0 0 58 30 24 0 0 0 0 0 0 0 20 16 2 0 0 0 0 0 0 0 2 0 0 0 0 0 0 0 0 0 0 0 0 0
4
0 0 0 0 0 0 110 176 166 12 0 0 0 0 0 0 162 180 188 4 0 0 4 4 0 0 144 178 176 0 0 0 0 8 0 0 154 166 170 0 0 0 8 0 0 0 152 160 156 4 0 0 0 0 0 2 72 78 64 0 0 0 0 0 0 0 46 34 42 0 0 0 0 0 0 0 32 20 8 0 0 0 0 0 0 0 12 0 4 0 0 0 0 0 0 0 2 0 0 0
4
0 0 0 0 0 0 78 186 164 0 0 0 10 4 0 0 144 178 174 0 0 6 0 6 4 0 154 164 180 0 0 10 10 12 4 0 162 162 166 10 0 0 0 4 2 0 146 156 154 0 0 0 0 0 0 0 86 112 68 0 0 0 0 0 0 0 40 38 24 0 0 0 0 0 0 0 20 16 2 0 0 0 0 0 0 0 10 0 0 0 0 0 0 0 0 0 0 0 0 0
4
0 0 0 0 0 0 80 158 170 156 0 0 0 0 0 0 178 158 162 138 10 0 0 4 4 0 174 174 158 166 0 0 8 18 10 0 174 162 156 168 0 0 0 0 4 0 174 178 156 140 0 0 0 0 0 0 94 170 134 68 0 0 0 0 0 0 32 36 14 12 0 0 0 0 0 0 20 24 0 0 0 0 0 0 0 0 4 0 0 0 0 0 0 0 0 0 0 0 0 0
4
0 0 0 0 0 0 88 150 162 162 0 0 4 6 0 38 126 156 176 174 4 0 4 24 6 0 116 160 170 154 4 4 10 14 12 0 122 172 166 158 0 0 0 2 8 0 104 158 162 148 0 0 0 0 4 0 58 162 166 146 0 0 0 0 0 0 34 48 24 16 0 0 0 0 0 0 10 28 20 2 0 0 0 0 0 0 14 14 0 0 0 0 0 0 0 0 0 0 0 0
3
0 0 0 0 0 0 150 176 176 0 0 0 0 0 32 0 150 170 170 10 0 0 0 2 0 0 152 170 166 0 0 0 4 0 0 0 150 174 174 0 0 0 0 10 8 0 148 172 162 0 0 0 0 0 0 4 162 170 148 8 0 0 0 2 0 0 68 56 30 0 0 0 0 0 0 2 34 22 0 0 0 0 0 0 0 0 16 0 0 0 0 0 0 0 0 0 0 0 0 0
4
0 0 0 4 0 0 156 174 186 158 0 8 0 8 0 0 152 174 160 128 0 0 14 0 0 0 158 170 170 102 14 0 0 0 6 0 194 194 196 76 0 0 0 0 0 0 150 174 158 24 0 0 0 0 6 0 162 164 160 0 0 0 0 0 0 0 48 38 40 0 0 0 0 0 0 0 34 14 4 0 0 0 0 0 0 0 6 0 0 0 0 0 0 0 0 0 0 0 0 0
4
0 0 0 12 0 0 162 176 166 166 0 0 0 0 0 0 158 172 158 168 0 0 0 4 0 0 158 176 174 142 0 0 10 0 0 0 156 172 162 164 0 0 0 6 0 0 158 180 150 164 0 0 0 0 6 0 176 168 154 116 0 0 0 0 0 0 64 38 20 20 0 0 0 0 0 0 28 14 0 0 0 0 0 0 0 0 8 0 0 0 0 0 0 0 0 0 0 0 0 0
4
0 0 2 0 0 0 158 166 166 156 0 0 6 0 0 0 142 164 162 152 0 0 10 4 6 0 154 172 160 156 0 0 14 10 0 0 154 162 160 150 0 0 0 4 6 0 162 190 176 140 0 0 0 0 2 0 152 170 160 142 0 0 0 0 0 0 58 38 30 18 0 0 0 0 0 0 22 14 0 0 0 0 0 0 0 0 10 0 0 0 0 0 0 0 0 0 0 0 0 0
4
0 8 4 2 0 0 154 162 158 158 4 0 8 0 0 0 160 162 162 158 0 8 10 0 0 0 146 162 170 158 18 0 4 0 0 0 148 158 162 142 0 0 0 14 2 0 150 162 172 142 0 0 0 0 2 0 166 170 162 142 0 0 0 0 0 0 52 60 48 36 0 0 0 0 0 0 22 30 16 2 0 0 0 0 0 0 8 6 0 0 0 0 0 0 0 0 2 0 0 0
4
0 8 0 0 4 0 174 164 156 136 0 0 8 10 0 0 150 160 166 150 0 4 14 8 0 0 156 162 168 156 10 0 18 18 8 0 146 160 162 150 0 0 0 10 0 0 170 162 170 134 0 0 0 0 0 0 142 154 168 124 0 0 0 0 0 0 44 60 84 34 0 0 0 0 0 0 12 30 0 0 0 0 0 0 0 0 8 4 0 0 0 0 0 0 0 0 0 0 0 0
4
0 0 0 6 0 0 136 166 178 136 0 2 10 0 0 0 136 162 170 140 8 16 10 18 0 0 142 166 176 140 10 0 18 6 0 0 136 162 180 146 0 0 0 8 6 0 142 160 178 138 0 0 0 0 10 0 134 170 166 130 0 0 0 0 0 0 60 54 180 122 0 0 0 0 0 0 8 28 24 8 0 0 0 0 0 0 12 6 16 0 0 0 0 0 0 0 0 0 0 0
3
0 0 0 0 0 154 164 170 146 132 0 10 8 0 0 152 156 162 168 144 0 0 6 6 0 136 162 166 162 140 0 0 2 0 0 142 156 162 168 140 0 0 0 0 0 142 154 162 160 122 0 2 0 4 0 142 162 162 162 140 0 0 0 0 0 48 48 162 152 138 0 0 0 0 0 12 52 38 16 0 0 0 0 0 0 0 2 4 0 0 0 0 0 0 0 0 0 0 0 0
4
0 0 0 0 0 104 160 162 156 142 0 0 0 0 0 98 162 166 158 146 0 0 18 0 0 106 162 170 162 142 2 8 6 0 0 104 162 166 170 148 0 0 8 4 0 128 160 170 180 136 0 0 8 16 0 112 164 164 176 132 0 0 0 0 0 38 82 174 162 130 0 0 0 0 0 14 22 34 6 0 0 0 0 0 0 0 2 8 4 0 0 0 0 0 0 0 0 0 0 0
4
10 0 0 0 0 102 160 168 168 142 0 4 0 0 0 92 162 162 170 140 0 0 10 0 0 126 166 170 174 140 0 10 10 10 0 102 166 176 166 136 0 0 0 0 0 98 166 174 162 140 0 2 8 6 0 98 166 174 180 142 0 0 0 0 10 24 176 172 182 132 0 0 0 0 0 0 26 22 158 112 0 0 0 0 0 6 4 2 6 0 0 0 0 0 0 0 0 0 0 0
3
0 16 0 0 34 162 162 170 148 132 0 0 0 0 4 162 166 170 152 142 8 2 6 0 22 166 162 182 164 132 0 2 6 0 4 158 166 172 160 140 0 0 24 0 0 164 162 170 152 124 0 0 4 6 2 162 176 172 170 132 0 0 0 0 16 172 164 170 158 120 0 0 0 0 0 36 42 170 156 12 0 0 0 0 0 10 8 0 0 0 0 0 0 0 0 0 4 0 0 0
4
0 0 0 0 40 162 174 166 170 118 0 2 0 0 0 162 160 170 178 132 20 0 0 0 16 152 162 170 178 140 0 0 0 0 6 162 166 174 166 124 0 0 4 0 0 166 162 170 178 144 0 16 0 0 6 162 168 176 178 136 0 0 0 0 0 162 166 172 178 130 0 0 0 0 0 26 72 162 162 120 0 0 0 0 0 16 8 0 170 0 0 0 0 0 0 2 0 0 0 0
0
0 24 40 8 0 0 0 52 6 18 0 14 10 0 0 0 0 52 56 40 0 28 0 0 0 4 6 0 0 0 8 20 0 0 0 4 34 6 0 56 0 20 0 0 26 0 0 0 6 44 0 0 0 0 0 0 0 0 0 12 0 0 10 0 0 4 0 0 4 0 0 0 0 0 0 0 0 0 0 0 0 0 0 0 0 0 0 0 0 0 0 0 0 0 0 0 0 0 0 0
1
0 8 0 0 0 0 0 34 20 0 0 4 0 0 0 0 0 62 26 4 0 2 0 0 0 0 0 0 4 0 6 0 0 0 0 0 46 0 0 0 0 0 0 0 0 0 8 0 18 0 0 0 0 4 0 0 4 0 16 0 0 0 0 0 0 0 4 4 14 0 0 0 0 0 0 0 0 0 0 0 0 0 0 0 0 0 0 0 0 0 0 0 0 0 0 0 0 0 0 0
1
44 0 0 0 0 0 24 24 0 0 70 0 0 0 20 0 44 58 0 0 74 0 0 0 0 0 0 26 0 0 76 0 0 0 0 0 0 0 36 0 72 0 0 0 0 0 0 0 0 4 0 0 0 0 8 0 0 0 0 0 2 0 0 0 6 0 18 8 0 0 0 0 0 0 0 0 0 0 0 0 0 0 0 0 0 0 0 0 0 0 0 0 0 0 0 0 0 0 0 0
1
0 0 0 0 0 44 24 20 0 0 0 0 0 0 0 60 60 42 14 0 0 0 8 0 0 0 46 0 0 0 0 0 0 0 0 0 0 54 0 18 0 0 0 0 0 0 4 54 0 0 0 0 0 0 0 0 0 26 0 0 0 0 0 0 0 0 6 6 0 0 0 0 0 0 0 0 0 0 0 0 0 0 0 0 0 0 0 0 0 0 0 0 0 0 0 0 0 0 0 0
1
0 0 0 12 0 16 46 0 0 20 0 0 0 28 0 64 60 18 4 0 0 0 0 60 0 0 0 0 0 0 0 0 0 0 0 0 0 4 22 0 0 0 0 0 0 0 0 0 0 0 0 4 0 0 0 0 4 0 0 0 0 0 0 2 0 2 4 0 0 0 0 0 0 0 0 0 0 0 0 0 0 0 0 0 0 0 0 0 0 0 0 0 0 0 0 0 0 0 0 0
1
0 0 0 0 44 16 0 0 2 0 0 0 0 0 74 64 32 4 0 0 0 0 0 0 0 80 0 0 0 0 0 0 0 0 0 0 50 10 26 0 0 0 0 0 0 2 40 0 2 0 0 0 6 0 0 0 24 0 0 0 0 0 0 0 16 0 4 0 0 0 0 0 0 0 0 0 0 0 0 0 0 0 0 0 0 0 0 0 0 0 0 0 0 0 0 0 0 0 0 0
1
0 0 0 0 22 14 8 0 0 0 0 0 10 0 64 66 28 20 0 26 0 0 0 0 30 0 10 0 0 0 0 0 0 0 0 0 0 20 0 0 0 0 0 0 0 16 0 0 0 0 0 6 0 0 0 30 0 0 0 0 0 0 0 0 0 6 0 0 0 0 0 0 2 0 0 0 0 0 0 0 0 0 0 0 0 2 0 0 0 0 0 0 0 0 0 0 0 0 0 0
1
0 0 0 12 36 0 0 26 6 0 0 0 0 40 64 22 10 0 0 0 0 0 0 0 68 16 0 0 0 0 0 0 0 12 0 56 36 22 0 0 2 0 0 0 16 20 0 0 0 0 0 0 0 0 0 6 0 0 0 0 0 2 0 22 6 0 0 0 0 0 0 0 0 0 0 0 0 0 0 0 0 0 0 0 0 0 4 0 0 0 0 0 0 0 0 0 0 0 0 0
1
0 0 0 26 30 0 46 0 4 0 0 0 0 54 50 26 10 0 4 8 0 0 0 36 2 0 0 0 8 0 0 0 0 0 40 0 18 0 0 0 0 0 0 6 42 0 0 0 0 0 0 0 0 2 28 0 0 0 0 0 0 0 0 0 0 0 0 0 0 0 0 0 0 0 0 0 0 0 0 0 0 0 0 0 0 0 0 0 0 0 0 0 0 0 0 0 0 0 0 0
1
0 0 26 18 0 0 0 0 8 18 0 0 46 54 34 36 0 0 16 8 26 0 0 0 4 0 0 0 0 0 0 0 0 0 18 32 22 0 6 0 0 0 0 0 0 0 0 0 0 0 0 0 0 0 0 0 0 0 0 0 2 0 18 6 0 0 0 0 0 0 0 0 14 0 0 0 0 0 0 0 0 0 0 0 0 0 0 0 0 0 0 0 0 0 0 0 0 0 0 0
1
0 12 10 0 0 2 0 8 8 0 0 44 46 40 32 64 0 8 12 0 0 0 22 0 0 0 0 4 0 0 0 24 0 58 0 34 0 0 0 0 0 0 0 32 10 6 0 0 0 0 0 0 2 32 0 0 0 0 0 0 0 2 10 10 0 0 0 0 0 0 0 0 0 0 0 0 0 0 0 0 0 0 0 0 0 0 0 0 0 0 0 0 0 0 0 0 0 0 0 0
1
0 10 8 0 0 0 6 0 6 0 0 26 40 0 20 0 8 0 8 0 20 0 0 0 6 0 0 0 0 0 20 0 0 0 20 4 0 0 0 0 0 4 4 0 0 0 0 0 0 0 0 22 4 0 0 0 0 0 0 0 0 4 0 0 0 0 0 0 0 0 0 0 0 0 0 0 0 0 0 0 0 0 0 0 0 0 0 0 0 0 0 0 0 0 0 0 0 0 0 0
1
0 0 0 0 16 0 0 8 0 0 20 26 16 0 0 2 20 6 16 0 0 0 0 8 0 16 0 0 0 0 18 0 48 0 16 0 0 2 0 0 0 0 36 0 0 0 0 0 0 0 0 10 20 0 0 0 0 0 0 0 4 10 0 0 0 0 0 0 0 0 0 0 0 0 0 2 0 0 0 0 0 0 0 0 0 0 0 0 0 0 0 0 0 0 0 0 0 0 0 0
1
4 0 0 0 0 10 8 6 6 0 28 24 0 4 0 6 10 8 0 0 0 0 0 0 0 0 10 4 0 0 0 52 0 18 0 0 10 0 0 0 0 44 0 0 0 0 0 0 0 0 0 0 0 0 0 0 0 0 0 0 0 0 0 0 0 0 0 0 0 0 0 0 0 0 0 0 0 0 0 0 0 0 0 0 0 0 0 0 0 0 0 0 0 0 0 0 0 0 0 0
1
0 0 0 0 20 20 0 0 0 0 18 0 2 0 20 14 12 6 0 0 0 0 4 0 0 0 0 0 0 0 0 16 24 0 6 16 14 0 0 0 0 0 0 0 0 0 0 0 0 0 0 0 0 0 0 0 0 0 0 0 0 0 0 0 0 0 0 0 0 0 0 0 0 0 0 0 0 0 0 0 0 0 0 0 0 0 0 0 0 0 0 0 0 0 0 0 0 0 0 0
1
0 0 0 0 14 10 10 6 0 0 0 0 0 0 14 14 18 2 0 0 0 6 0 0 0 0 14 0 0 0 26 0 20 0 0 0 0 0 0 0 72 0 0 0 0 0 0 0 0 0 0 0 0 0 0 0 0 0 0 0 0 0 0 0 0 0 0 0 0 0 0 0 0 0 0 0 0 0 0 0 0 0 0 0 0 0 0 0 0 0 0 0 0 0 0 0 0 0 0 0
1
0 0 0 16 8 10 6 0 0 0 0 0 0 18 10 8 2 0 0 0 8 6 0 0 0 0 4 0 0 0 0 0 0 6 16 6 0 0 0 0 0 0 0 0 0 0 0 0 0 0 0 0 0 0 2 0 0 0 0 0 0 0 0 0 0 0 0 0 0 0 0 0 0 0 0 0 0 0 0 0 0 0 0 0 0 0 0 0 0 0 0 0 0 0 0 0 0 0 0 0
1
0 0 0 0 0 0 0 0 0 0 0 0 10 26 16 8 0 0 0 0 0 0 16 0 0 10 0 0 0 0 0 0 0 6 18 0 0 0 0 0 0 0 0 0 0 0 0 0 0 0 0 0 0 0 0 0 0 0 0 0 0 0 0 0 0 0 0 0 0 0 0 0 0 0 0 0 0 0 0 0 0 0 0 0 0 0 0 0 0 0 0 0 0 0 0 0 0 0 0 0
1
0 0 2 8 8 20 0 4 0 0 0 0 8 14 18 10 0 0 4 0 0 0 6 0 2 12 0 0 0 0 12 0 0 16 22 0 0 0 0 0 0 0 0 0 0 0 0 0 0 0 0 0 0 0 0 0 0 0 0 4 0 0 0 16 0 0 0 0 0 0 0 0 0 0 0 0 0 0 0 0 0 0 0 0 0 0 0 0 0 0 0 0 0 0 0 0 0 0 0 0
1
0 0 18 6 10 0 0 0 0 0 0 12 2 18 8 0 0 2 0 0 0 0 0 0 6 0 0 0 0 0 0 0 18 6 0 0 0 0 0 0 0 0 0 0 0 0 0 0 0 0 0 0 0 10 0 0 0 0 0 0 0 0 0 0 0 0 0 0 0 0 0 0 0 0 0 0 0 0 0 0 0 0 0 0 0 0 0 0 0 0 0 0 0 0 0 0 0 0 0 0
1
0 0 0 0 10 0 0 0 0 0 0 4 0 8 0 0 0 0 0 0 0 0 0 4 0 0 0 0 0 0 0 0 10 0 0 0 0 0 0 0 0 0 0 0 0 0 0 0 0 0 0 0 0 0 0 0 0 0 0 0 0 0 0 0 0 0 0 0 0 0 0 0 0 0 0 0 0 0 4 0 0 0 0 0 0 0 0 0 0 0 0 0 0 0 0 0 0 0 2 0
1
0 0 0 10 0 0 0 0 0 0 0 20 0 18 0 0 0 0 0 0 0 0 0 8 0 0 0 0 0 0 0 0 10 0 0 0 0 0 0 0 0 0 0 0 0 0 0 0 0 0 0 0 0 0 0 0 0 0 0 0 0 0 0 0 0 0 0 0 6 0 0 0 0 0 0 0 0 0 0 0 0 0 0 0 0 0 0 0 0 0 0 0 0 0 0 0 0 0 0 0
1
0 12 0 10 0 0 0 0 0 0 0 0 8 0 0 0 0 0 0 0 0 8 0 0 0 0 0 0 0 0 0 0 6 0 0 0 0 0 0 6 0 0 0 0 0 0 0 0 0 0 0 0 0 0 0 0 0 0 4 0 0 0 0 0 0 0 0 0 0 0 0 0 0 0 0 0 0 0 0 0 0 0 0 0 0 0 0 0 0 0 0 0 0 0 0 0 0 0 0 0
1
0 0 0 0 0 0 0 0 0 0 0 8 4 0 0 0 0 0 0 0 4 0 0 0 0 0 0 0 0 0 0 0 0 0 0 0 0 0 0 6 0 0 0 0 0 0 0 0 0 0 0 0 0 0 0 0 0 0 0 0 0 0 0 0 0 0 0 0 0 0 0 0 0 0 0 0 0 0 0 0 0 0 0 0 0 0 0 0 0 0 0 0 0 0 0 0 0 0 0 0
1
0 0 0 0 0 0 0 0 0 10 0 0 0 0 0 2 0 0 0 6 0 0 0 0 0 10 0 0 12 0 0 0 0 0 0 0 0 0 0 12 0 0 0 0 0 0 0 0 0 0 0 0 0 0 0 0 0 8 0 0 0 0 0 0 0 0 0 0 0 0 0 0 0 0 0 0 0 0 0 0 0 0 0 0 0 0 0 0 0 0 0 0 0 0 0 0 0 0 0 0
1
0 0 0 2 0 0 0 0 0 16 0 0 0 0 0 0 0 0 0 0 0 0 0 0 0 0 0 0 0 0 0 0 0 0 0 0 0 0 0 0 0 0 0 0 0 0 0 0 0 0 0 0 0 0 0 0 0 0 0 0 0 0 0 0 0 0 0 20 0 0 0 0 0 0 0 0 0 0 0 0 0 0 0 0 0 0 0 0 0 0 0 0 0 0 0 0 0 0 0 0
1
0 0 0 0 0 0 0 0 0 10 0 0 0 0 0 0 0 0 0 0 0 0 0 0 0 0 0 12 8 0 0 0 0 0 0 0 0 0 0 2 0 0 0 0 0 0 0 0 0 0 0 0 0 0 0 0 0 0 0 0 0 0 0 0 0 0 0 0 0 0 0 0 0 0 0 0 0 0 0 0 0 0 0 0 0 0 0 0 0 0 0 0 0 0 0 0 0 0 0 0
1
0 0 0 0 0 0 0 0 2 0 0 0 0 0 0 0 0 0 10 0 0 0 0 0 0 0 0 2 6 0 0 0 0 0 0 0 0 0 4 10 0 0 0 0 0 0 0 0 0 0 0 0 0 0 0 0 0 0 0 0 0 0 0 0 0 0 0 0 0 0 0 0 0 0 0 0 0 0 0 0 0 0 0 0 0 0 0 0 0 0 0 0 0 0 0 0 0 0 0 0
1
0 0 0 0 0 0 0 0 0 0 0 0 0 0 0 0 0 0 0 0 0 0 0 0 0 0 0 10 0 0 0 0 0 0 0 0 0 0 4 0 0 0 0 0 0 0 0 0 0 0 0 0 0 0 0 0 0 0 0 0 0 0 0 0 0 0 0 0 0 0 0 0 0 0 0 0 0 0 0 0 0 0 0 0 0 0 0 0 0 0 0 0 0 0 0 0 0 0 0 0
1
0 0 0 0 0 0 0 4 0 0 0 0 0 0 0 0 0 0 0 0 0 0 0 0 0 0 6 0 0 0 0 0 0 0 0 0 4 2 4 0 0 0 0 0 0 0 0 0 0 0 0 0 0 0 0 0 0 0 0 0 0 0 0 0 0 0 0 0 0 0 0 0 0 0 0 0 0 0 0 0 0 0 0 0 20 4 0 0 0 0 0 0 0 0 0 0 0 0 0 0
1
0 0 0 0 0 0 0 0 0 0 0 0 0 0 0 0 0 0 0 0 0 0 8 0 0 0 0 0 0 0 0 0 6 0 0 0 8 4 0 0 0 0 0 0 0 0 0 0 0 0 0 0 0 0 6 0 0 0 0 0 0 0 0 0 0 0 8 0 0 0 0 0 0 0 0 0 0 0 0 0 0 0 0 0 0 0 0 0 0 0 0 0 0 0 0 0 0 0 0 0
1
0 6 0 0 0 0 6 0 0 0 0 4 0 0 0 0 0 0 0 0 0 0 0 0 0 0 6 0 0 0 0 0 4 0 0 0 0 0 0 0 0 0 0 0 0 0 0 0 0 0 0 0 0 4 0 2 0 0 0 0 0 0 0 6 0 0 0 0 0 0 0 0 0 0 0 0 0 0 0 0 0 0 0 0 0 0 0 0 0 0 0 0 0 0 0 0 0 0 0 0
1
0 6 0 0 0 0 0 0 0 0 0 10 0 0 0 0 0 0 0 6 0 0 0 0 8 4 12 0 0 0 0 16 4 0 0 0 0 0 0 0 0 0 0 0 0 0 0 0 0 0 0 0 0 0 0 0 0 0 0 0 0 0 0 0 0 0 0 0 0 0 0 0 6 0 0 0 0 0 0 0 0 0 0 0 0 0 0 0 0 0 0 0 0 0 0 0 0 0 0 0
1
14 0 0 0 0 0 0 10 12 0 6 0 0 0 0 0 0 10 4 0 0 0 0 0 0 6 0 0 0 0 14 6 14 0 0 0 16 0 0 0 0 0 0 0 0 0 0 0 0 0 0 0 0 6 0 0 0 0 0 0 0 0 0 0 0 0 0 0 0 0 0 0 0 0 0 0 0 0 0 0 0 0 0 0 0 0 0 0 0 0 0 0 0 0 0 0 0 0 0 0
1
0 0 0 0 2 0 0 10 0 0 12 0 0 0 0 0 0 0 6 0 0 0 0 16 0 0 0 0 0 0 26 6 8 6 10 0 10 0 0 0 0 0 0 0 0 0 0 0 0 0 0 0 0 0 0 0 0 0 0 0 0 0 0 0 0 0 0 0 0 0 0 0 0 0 0 0 0 0 0 0 0 0 0 0 0 0 0 0 0 0 0 0 0 0 0 0 0 0 0 0
1
6 0 0 0 0 0 0 4 0 0 10 0 0 0 0 0 0 6 2 0 0 0 4 0 4 0 0 0 0 0 10 16 12 6 0 2 6 10 0 0 0 0 0 0 0 0 0 0 0 0 0 0 0 16 0 0 0 0 0 0 0 0 0 0 0 0 0 0 0 0 0 0 0 0 0 0 0 0 0 0 0 0 0 0 0 0 0 0 0 0 0 0 0 0 0 0 0 0 0 0
1
0 2 2 0 0 4 0 6 0 0 2 0 0 0 0 6 6 20 0 0 0 18 0 2 10 0 0 0 0 0 6 4 8 6 8 4 4 0 0 0 0 0 0 0 0 0 0 0 0 0 0 0 0 0 0 0 0 0 0 0 0 0 0 0 0 0 0 0 0 0 0 0 0 0 0 0 0 0 0 0 0 0 0 0 0 0 0 0 0 0 0 0 0 0 0 0 0 0 0 0
1
10 14 2 0 0 8 4 8 0 0 10 10 0 0 0 14 14 0 0 0 0 0 14 0 0 0 0 0 0 0 20 14 6 0 10 10 0 0 0 0 0 0 0 0 0 0 0 0 0 0 0 0 0 0 0 0 0 0 0 0 0 0 0 0 0 0 0 0 0 0 0 0 0 0 0 0 0 0 0 0 0 0 0 0 0 0 0 0 0 0 0 0 0 0 0 0 0 0 0 0
1
0 14 2 0 4 0 0 0 0 0 12 2 0 0 14 2 6 0 10 14 8 0 0 0 0 0 0 0 0 0 6 2 0 0 6 8 0 4 0 0 0 0 0 0 0 0 0 0 0 0 0 0 0 0 0 0 0 0 0 0 0 0 0 0 0 0 0 0 0 0 0 0 0 0 0 0 0 0 0 0 0 0 0 0 0 0 0 0 0 0 0 0 0 0 0 0 0 0 0 0
1
16 6 0 0 0 10 0 0 0 0 10 10 0 10 12 4 2 0 0 0 0 0 0 6 0 0 0 0 0 0 10 0 0 0 4 6 0 0 0 0 0 0 0 0 0 0 0 0 0 0 0 0 0 0 0 0 0 0 0 0 0 0 0 0 0 0 0 0 0 0 0 0 0 0 0 0 0 0 0 0 0 0 0 0 0 0 0 0 0 0 0 0 0 0 0 0 0 0 0 0
1
0 0 0 6 6 0 6 0 0 0 20 0 0 14 4 10 4 0 0 4 0 10 0 16 10 8 0 0 0 0 10 10 6 2 12 16 4 0 0 0 0 0 0 0 0 0 0 0 0 0 0 0 0 0 0 0 0 0 0 0 0 0 0 0 0 0 0 0 0 0 0 0 0 0 0 0 0 0 0 0 0 0 0 0 0 0 0 0 0 0 0 0 0 0 0 0 0 0 0 0
1
20 0 16 8 6 4 0 0 0 0 0 0 6 0 10 4 6 6 8 0 0 0 0 12 4 18 0 0 0 0 8 10 20 6 10 8 4 4 0 0 0 0 0 0 0 0 0 0 0 0 0 0 0 0 0 0 0 0 0 0 0 0 0 0 0 0 0 0 0 0 0 0 0 0 0 0 0 0 0 0 0 0 0 0 0 0 0 0 0 0 0 0 0 0 0 0 0 0 0 0
1
0 0 16 10 10 0 2 4 0 0 0 0 6 0 6 0 4 6 10 0 0 0 0 2 0 6 2 0 0 0 12 0 6 6 6 0 12 8 0 0 0 0 0 0 0 0 0 0 0 0 0 0 0 0 0 0 0 0 0 0 0 0 0 0 0 0 0 0 0 0 0 0 0 0 0 0 0 0 0 0 0 0 0 0 0 0 0 0 0 0 0 0 0 0 0 0 0 0 0 0
1
0 8 8 2 6 14 0 0 0 0 0 10 16 18 14 6 10 10 0 0 0 0 0 12 6 26 6 0 0 0 8 4 0 6 0 10 4 4 0 0 0 0 0 0 0 0 0 0 0 0 0 0 0 0 0 0 0 0 0 0 0 0 0 0 0 0 0 0 0 0 0 0 0 0 0 0 0 0 0 0 0 0 0 0 0 0 0 0 0 0 0 0 0 0 0 0 0 0 0 0
1
0 12 12 16 12 4 6 4 0 0 2 4 0 0 4 2 6 18 0 0 0 0 4 0 6 16 8 0 0 0 4 6 10 0 6 6 10 8 4 0 0 0 0 0 0 0 0 0 0 0 0 0 0 0 0 0 0 0 0 0 0 0 0 0 0 0 0 0 0 0 0 0 0 0 0 0 0 0 0 0 0 0 0 0 0 0 0 0 0 0 0 0 0 0 0 0 0 0 0 0
1
4 14 4 4 0 6 4 0 0 0 0 0 6 14 4 0 4 8 0 0 0 0 0 4 12 8 14 10 0 0 8 8 10 14 10 28 0 10 10 0 0 0 0 0 0 0 0 0 0 0 0 0 0 0 0 0 0 0 0 0 0 0 0 0 0 0 0 0 0 0 0 0 0 0 0 0 0 0 0 0 0 0 0 0 0 0 0 0 0 0 0 0 0 0 0 0 0 0 0 0
1
22 10 8 10 6 6 10 0 0 0 10 6 0 0 0 8 0 0 0 0 18 0 0 0 0 0 4 10 0 0 6 4 6 0 6 4 20 16 0 4 0 0 0 0 0 0 0 0 0 0 0 0 0 0 0 0 0 0 0 0 0 0 0 0 0 0 0 0 0 0 0 0 0 0 0 0 0 0 0 0 0 0 0 0 0 0 0 0 0 0 0 0 0 0 0 0 0 0 0 0
1
4 0 6 10 6 4 0 4 0 0 16 6 22 0 0 4 10 0 0 0 8 0 0 0 10 8 0 0 0 0 0 10 12 4 6 8 8 10 0 0 0 0 0 0 0 0 0 0 0 0 0 0 0 0 0 0 0 0 0 0 0 0 0 0 0 0 0 0 0 0 0 0 0 0 0 0 0 0 0 0 0 0 0 0 0 0 0 0 0 0 0 0 0 0 0 0 0 0 0 0
1
0 18 18 4 6 0 16 0 0 0 10 4 6 0 0 0 0 0 0 0 0 0 0 10 22 2 0 0 0 8 6 8 6 12 22 2 8 10 0 0 0 0 0 0 0 0 0 0 0 0 0 0 0 0 0 0 0 0 0 0 0 0 0 0 0 0 0 0 0 0 0 0 0 0 0 0 0 0 0 0 0 0 0 0 0 0 0 0 0 0 0 0 0 0 0 0 0 0 0 0
1
4 4 24 14 14 2 6 0 0 0 6 6 10 4 4 0 6 0 0 0 6 0 0 12 18 14 18 10 0 0 0 8 14 4 10 10 24 0 0 0 0 0 0 0 0 0 0 0 0 0 0 0 0 0 0 0 0 0 0 0 0 0 0 0 0 0 0 0 0 0 0 0 0 0 0 0 0 0 0 0 0 0 0 0 0 0 0 0 0 0 0 0 0 0 0 0 0 0 0 0
1
10 14 0 0 10 4 0 0 0 0 4 16 10 0 16 14 0 0 0 0 0 0 10 12 20 14 0 0 0 12 0 4 4 24 20 4 4 0 0 0 0 0 0 0 0 0 0 0 0 0 0 0 0 0 0 0 0 0 0 0 0 0 0 0 0 0 0 0 0 0 0 0 0 0 0 0 0 0 0 0 0 0 0 0 0 0 0 0 0 0 0 0 0 0 0 0 0 0 0 0
1
4 12 8 4 18 0 0 0 0 146 20 6 18 4 10 4 0 0 4 150 0 0 0 20 4 8 0 4 0 142 18 2 20 14 16 20 10 0 0 142 0 0 0 0 0 0 0 0 4 130 0 0 0 0 0 0 0 0 0 46 0 0 0 0 0 0 0 0 0 8 0 0 0 0 0 0 0 0 0 0 0 0 0 0 0 0 0 0 0 0 0 0 0 0 0 0 0 0 0 0
3
0 10 8 10 0 0 0 0 142 142 6 6 14 24 8 0 0 0 156 158 0 0 8 6 8 0 0 0 180 152 14 8 18 16 24 14 16 8 166 142 0 0 0 0 0 0 0 0 164 128 0 0 0 0 0 0 0 0 76 38 0 0 0 0 0 0 0 0 44 12 0 0 0 0 0 0 0 0 4 0 0 0 0 0 0 0 0 0 0 0 0 0 0 0 0 0 0 0 0 0
3
0 0 0 14 0 0 0 0 118 144 16 16 20 4 0 0 0 4 158 174 0 0 10 0 0 8 2 0 160 152 0 14 20 6 12 10 0 0 156 150 0 0 0 0 0 6 0 8 168 134 0 0 0 0 2 0 0 0 72 48 0 0 0 0 0 0 0 0 28 8 0 0 0 0 0 0 0 6 4 0 0 0 0 0 0 0 0 0 0 0 0 0 0 0 0 0 0 0 0 0
3
10 0 2 4 0 0 0 0 28 96 10 10 14 10 0 0 0 184 174 172 0 6 16 10 10 0 0 172 166 170 18 10 14 18 14 6 0 166 174 164 0 0 0 0 0 0 0 156 160 134 0 0 0 0 0 0 0 70 64 32 0 0 0 0 0 0 0 32 38 10 0 0 0 0 0 0 0 10 4 0 0 0 0 0 0 0 0 0 0 0 0 0 0 0 0 0 0 0 0 0
3
2 6 10 0 0 0 0 0 0 0 20 6 6 0 0 0 0 162 174 16 0 4 0 6 0 6 0 150 170 0 8 10 4 14 6 10 0 168 176 0 0 0 0 0 0 8 6 176 172 12 0 0 0 0 2 0 0 80 64 0 0 0 0 0 0 0 0 40 28 0 0 0 0 0 0 0 0 14 4 0 0 0 0 0 0 0 0 0 0 0 0 0 0 0 0 0 0 0 0 0
3
0 14 0 0 0 0 0 0 0 0 10 0 2 0 0 0 178 162 146 0 0 2 16 4 8 0 168 184 158 0 8 10 14 14 20 0 164 180 146 0 0 0 0 0 4 0 164 166 54 0 0 0 0 0 0 0 74 80 18 0 0 0 0 0 0 4 32 30 6 0 0 0 0 0 0 0 22 10 0 0 0 0 0 0 0 0 0 0 0 0 0 0 0 0 0 0 0 0 0 0
4
16 0 0 0 0 0 118 144 130 0 24 4 0 0 0 0 150 182 166 0 0 16 10 20 14 0 158 174 156 0 26 36 48 60 52 32 230 255 220 6 0 0 0 0 2 2 140 190 154 0 0 0 0 0 0 0 82 70 60 0 0 0 0 0 0 0 40 30 20 0 0 0 0 0 0 0 22 24 0 0 0 0 0 0 0 0 4 0 0 0 0 0 0 0 0 0 0 0 0 0
4
8 0 2 0 0 0 186 166 174 0 0 4 14 0 0 0 178 174 174 2 0 0 10 0 8 10 202 174 174 0 0 10 20 16 10 8 198 170 160 0 0 0 0 0 0 10 188 164 158 0 0 0 0 0 0 0 78 60 56 0 0 0 0 0 0 0 62 44 30 0 0 0 0 0 0 0 26 2 10 0 0 0 0 0 0 0 0 0 0 0 0 0 0 0 0 0 0 0 0 0
4
6 4 14 0 0 0 0 174 160 148 0 32 0 0 0 0 0 174 176 144 0 0 16 30 10 0 0 168 162 128 6 0 14 18 14 4 28 184 156 42 0 0 0 0 0 0 46 180 150 34 0 0 0 0 0 0 64 98 90 0 0 0 0 0 0 0 4 38 28 0 0 0 0 0 0 0 0 0 0 0 0 0 0 0 0 0 0 0 0 0 0 0 0 0 0 0 0 0 0 0
3
0 0 0 0 0 0 168 168 170 0 0 10 0 0 0 0 172 180 180 0 0 0 20 6 4 0 188 188 176 0 2 18 0 4 6 0 176 192 150 0 0 0 0 12 14 4 180 182 164 0 0 0 0 0 0 6 90 88 76 0 0 0 0 0 0 0 54 34 38 0 0 0 0 0 0 0 24 16 10 0 0 0 0 0 0 0 0 2 4 0 0 0 0 0 0 0 0 0 0 0
4
0 0 0 0 0 0 160 174 174 0 0 18 0 0 10 0 172 172 174 0 10 0 18 20 6 0 172 174 164 0 10 0 14 16 14 2 184 176 166 0 0 0 0 0 4 0 166 152 166 0 0 0 0 0 2 4 126 134 104 0 0 0 0 0 0 0 40 38 30 0 0 0 0 0 0 0 20 8 8 0 0 0 0 0 0 0 0 0 0 0 0 0 0 0 0 0 0 0 0 0
4
0 0 0 0 0 0 168 160 174 124 0 18 0 0 2 0 198 174 174 118 0 0 32 10 12 0 146 188 172 76 8 18 24 8 14 2 196 176 172 54 0 0 0 0 6 0 188 176 160 18 0 0 0 0 0 0 174 170 146 0 0 0 0 0 0 0 48 20 28 0 0 0 0 0 0 0 20 14 4 0 0 0 0 0 0 0 0 0 0 0 0 0 0 0 0 0 0 0 0 0
4
0 2 0 0 0 0 172 178 174 148 0 0 0 0 6 0 188 174 174 156 0 0 8 10 20 0 192 174 166 164 10 16 18 6 4 0 174 166 158 154 0 0 0 4 0 6 166 174 164 150 0 0 0 0 0 0 170 170 166 136 0 0 0 0 0 0 44 32 20 24 0 0 0 0 0 0 10 8 0 0 0 0 0 0 0 0 12 2 0 0 0 0 0 0 0 0 0 0 0 0
4
6 0 0 0 0 0 112 174 158 158 0 0 0 0 10 0 116 166 164 158 0 0 18 6 14 0 124 184 162 142 18 10 10 18 22 0 128 180 166 146 0 0 0 0 26 0 124 164 166 132 0 0 0 0 2 6 150 174 170 136 0 0 0 0 0 0 42 40 38 28 0 0 0 0 0 0 0 0 0 0 0 0 0 0 0 0 0 8 0 0 0 0 0 0 0 0 0 0 0 0
4
0 0 0 0 0 0 0 162 162 150 20 0 0 10 0 6 0 166 162 162 18 10 10 6 10 0 0 184 166 148 8 10 16 12 10 0 0 184 166 152 0 0 0 0 4 0 6 184 166 146 0 0 0 0 0 0 38 168 162 136 0 0 0 0 0 0 6 42 40 24 0 0 0 0 0 0 0 4 8 0 0 0 0 0 0 0 0 10 0 0 0 0 0 0 0 0 0 0 0 0
3
0 0 0 0 0 0 168 166 170 160 12 14 0 8 0 0 184 174 170 158 0 2 20 14 0 0 174 188 174 158 16 10 16 6 8 0 182 184 164 152 0 0 0 14 2 0 182 186 162 154 0 0 0 0 0 0 136 174 164 150 0 0 0 0 0 2 62 64 44 22 0 0 0 0 0 0 36 18 6 10 0 0 0 0 0 0 2 0 0 0 0 0 0 0 0 0 0 0 0 0
4
0 0 0 0 0 0 120 174 180 162 16 8 0 4 8 0 112 170 160 154 6 16 8 14 4 0 114 188 170 154 10 10 12 24 4 0 120 178 174 146 0 0 0 0 2 0 134 170 174 136 0 0 0 0 0 4 156 166 166 142 0 0 0 0 0 0 48 56 42 24 0 0 0 0 0 0 14 24 18 0 0 0 0 0 0 0 0 0 0 0 0 0 0 0 0 0 0 0 0 0
4
0 0 0 0 0 0 48 174 162 152 0 0 0 0 0 0 38 174 162 154 18 14 10 10 4 0 26 184 170 148 4 10 28 14 20 0 32 176 170 138 0 0 4 10 6 8 32 182 174 146 0 0 0 0 0 14 46 176 170 144 0 0 0 0 0 0 16 54 44 60 0 0 0 0 0 0 10 42 10 8 0 0 0 0 0 0 0 0 0 0 0 0 0 0 0 0 0 0 0 0
3
12 0 0 16 0 0 148 162 162 146 8 0 4 34 0 0 146 170 162 146 0 26 14 8 0 0 154 180 162 150 2 14 10 14 14 0 146 180 176 148 0 0 4 0 0 0 190 180 164 146 0 0 0 0 0 22 170 178 168 130 0 0 0 0 0 0 40 64 18 32 0 0 0 0 0 0 36 16 24 6 0 0 0 0 0 0 0 0 0 0 0 0 0 0 0 0 0 0 0 0
4
0 0 0 4 0 12 150 174 178 146 26 14 8 14 8 0 162 176 162 152 8 0 4 12 0 0 154 172 174 142 10 10 8 8 0 0 146 194 178 144 0 0 0 8 0 0 156 174 176 138 0 0 0 0 0 0 152 182 164 136 0 0 0 0 0 2 152 184 164 132 0 0 0 0 0 0 40 24 14 8 0 0 0 0 0 0 0 0 0 0 0 0 0 0 0 0 0 0 0 0
4
0 0 0 6 0 0 0 172 170 132 0 0 10 14 8 0 0 170 166 170 2 30 6 16 0 0 0 188 162 146 0 22 24 28 0 0 0 184 184 130 0 0 4 10 0 0 0 190 162 146 0 0 0 0 6 0 0 180 162 130 0 0 0 0 0 10 4 180 164 132 0 0 0 0 0 0 0 38 6 0 0 0 0 0 0 0 0 0 0 0 0 0 0 0 0 0 0 0 0 0
3
0 0 6 0 4 0 184 178 164 150 0 6 8 8 0 0 194 180 174 150 20 20 14 26 0 0 202 180 180 158 0 0 0 0 0 0 0 0 0 0 0 0 16 16 6 0 194 186 182 150 0 0 0 0 22 0 166 184 166 134 0 0 0 0 2 2 190 182 154 148 0 0 0 0 0 0 38 32 26 10 0 0 0 0 0 0 4 0 0 0 0 0 0 0 0 0 0 0 0 0
4
0 0 0 0 0 0 112 186 160 134 0 8 0 10 0 0 126 176 154 142 6 10 4 0 0 0 110 180 162 146 0 10 14 8 0 0 124 180 170 142 0 0 4 22 0 0 94 180 180 134 0 0 0 4 4 0 96 200 178 150 0 0 0 0 0 4 80 182 162 140 0 0 0 0 0 0 38 60 0 0 0 0 0 0 0 0 0 4 4 0 0 0 0 0 0 0 0 0 0 0
4
0 0 0 6 0 0 102 178 152 136 0 0 10 10 6 0 90 184 162 142 0 0 4 8 0 0 66 180 162 138 0 0 8 14 0 0 64 184 172 142 0 0 0 0 0 0 58 180 178 142 0 0 0 0 0 0 26 180 166 140 0 0 0 0 12 0 4 182 164 152 0 0 0 0 0 0 0 178 162 126 0 0 0 0 0 0 0 4 0 0 0 0 0 0 0 0 0 0 0 0
3
0 0 0 0 0 0 142 166 150 122 0 8 10 0 0 0 140 184 160 142 2 0 14 10 0 0 152 180 176 150 0 10 18 10 0 0 152 174 174 140 0 16 8 0 2 0 154 184 182 136 0 0 8 2 2 0 186 186 168 146 0 0 0 0 0 0 166 184 176 140 0 0 0 0 0 0 184 166 152 140 0 0 0 0 0 0 14 4 2 0 0 0 0 0 0 0 0 0 0 0
0
0 0 0 0 0 0 0 0 0 0 0 162 170 0 0 0 0 0 0 0 0 158 166 0 0 0 0 0 0 0 6 156 172 0 0 0 0 0 0 0 0 146 162 0 0 0 0 0 8 0 0 64 66 2 2 2 10 0 0 0 0 26 48 0 6 0 6 0 0 0 0 16 10 6 0 16 2 0 0 0 0 0 0 0 0 0 0 0 0 0 0 0 0 0 0 0 0 0 0 0
2
0 0 0 0 2 0 0 0 0 0 4 162 178 0 0 0 2 0 0 0 0 164 156 0 0 0 0 0 0 0 0 150 166 0 0 0 0 0 0 0 0 152 152 4 0 0 0 20 10 6 0 64 72 4 0 6 6 0 0 0 0 34 38 2 0 12 0 0 0 0 0 20 26 6 2 2 2 0 0 0 0 0 0 4 0 0 0 0 0 0 0 0 0 0 0 0 0 0 0 0
2
0 0 0 0 0 0 0 0 0 0 12 166 180 10 0 0 12 0 0 0 4 162 180 0 0 0 0 0 0 0 4 162 166 0 0 0 0 0 0 0 0 152 160 0 0 0 0 10 14 0 0 76 64 0 6 10 8 12 0 0 0 34 40 0 0 8 12 0 0 0 0 16 12 0 8 0 0 0 0 0 0 2 4 0 0 0 0 0 0 0 0 0 0 0 0 0 0 0 0 0
2
0 0 0 0 0 4 0 0 0 0 0 154 168 0 0 0 0 0 0 0 0 170 174 0 0 0 0 0 0 0 8 158 172 0 0 0 0 0 0 0 0 156 154 4 0 0 0 2 24 0 0 72 64 0 6 8 6 16 2 0 0 12 36 0 0 6 0 0 0 0 0 14 12 0 0 0 0 0 0 0 0 0 2 0 0 0 0 0 0 0 0 0 0 0 0 0 0 0 0 0
2
0 0 0 0 0 0 0 0 0 0 0 172 164 12 0 0 12 0 0 0 0 152 166 0 0 0 0 0 0 0 0 144 168 0 0 0 0 0 0 0 0 162 170 4 0 0 0 8 22 0 0 66 76 12 6 6 14 14 0 0 0 26 50 0 0 12 6 0 0 0 0 18 8 14 0 6 0 0 0 0 0 4 4 0 0 0 0 0 0 0 0 0 0 0 0 0 0 0 0 0
2
0 0 0 0 0 0 0 0 0 0 0 0 0 10 6 0 0 0 0 0 0 16 174 182 0 0 0 6 0 0 0 14 178 176 0 0 0 0 0 0 0 6 174 166 0 0 0 0 0 0 0 0 104 86 8 0 2 0 0 0 0 0 68 60 0 0 0 0 0 0 0 0 14 22 0 0 0 0 0 0 0 0 0 0 0 0 0 0 0 0 0 0 0 0 0 0 0 0 0 0
2
0 0 0 20 0 0 0 0 0 0 0 0 0 0 0 0 4 0 0 0 0 6 0 174 46 0 0 6 0 0 0 2 0 166 90 0 0 0 0 0 0 0 10 172 58 0 0 0 0 0 0 0 0 92 34 0 8 4 0 0 0 0 6 52 20 0 0 6 0 0 0 0 0 12 16 0 0 0 0 0 0 0 0 0 0 0 0 0 0 0 0 0 0 0 0 0 0 0 0 0
4
0 0 0 0 0 0 0 0 0 0 0 0 0 0 38 0 0 0 0 0 0 8 0 176 164 0 0 0 0 0 0 0 0 172 142 0 0 0 0 0 0 0 0 184 116 0 0 4 0 0 0 0 0 94 22 0 0 0 0 0 0 0 6 36 22 0 0 0 0 0 0 0 0 20 18 0 0 0 0 0 0 0 0 4 6 0 0 0 0 0 0 0 0 0 0 0 0 0 0 0
4
0 0 0 6 4 0 0 0 0 0 0 0 0 14 0 0 0 0 0 0 0 0 26 176 128 0 6 4 4 0 0 6 6 174 120 0 0 0 14 0 0 0 6 166 86 0 0 0 16 0 0 0 0 90 20 0 0 0 0 0 0 0 4 32 28 10 0 0 0 0 0 0 0 16 12 0 0 0 0 0 0 0 0 4 0 0 0 0 0 0 0 0 0 0 0 0 0 0 0 0
4
0 0 0 0 0 0 0 0 20 0 0 0 0 0 4 8 0 0 16 0 0 6 50 184 184 0 0 10 8 0 0 6 0 174 152 0 0 0 6 0 0 0 26 164 142 0 0 2 16 0 0 0 4 106 66 2 2 0 0 0 0 0 12 48 28 0 0 0 0 0 0 0 0 20 14 0 0 0 0 0 0 0 0 2 4 0 0 0 0 0 0 0 0 0 0 0 0 0 0 0
4
0 0 0 0 16 0 0 0 0 0 0 0 0 0 2 0 14 0 0 0 0 10 98 166 174 0 6 6 16 0 0 4 36 166 162 0 0 0 2 0 0 0 26 162 156 0 0 6 6 16 0 0 14 146 128 0 2 0 12 0 0 0 20 40 38 0 0 12 0 0 0 0 0 22 2 0 0 0 0 0 0 0 0 0 0 0 0 0 0 0 0 0 0 0 0 0 0 0 0 0
4
0 0 0 4 0 0 0 0 0 0 0 0 16 0 18 0 0 24 8 0 0 12 118 178 168 0 0 0 0 0 0 2 114 174 156 0 0 0 0 0 0 0 98 160 150 0 0 2 10 0 0 0 82 162 106 12 6 2 0 6 0 0 28 48 34 0 6 8 0 0 0 0 0 16 16 0 0 0 0 0 0 0 0 12 4 0 0 0 0 0 0 0 0 0 0 0 0 0 0 0
4
0 0 0 0 26 0 0 0 0 0 0 0 118 176 0 16 0 0 14 0 0 0 166 174 162 0 0 0 0 4 0 14 148 174 174 0 0 0 8 0 0 0 128 168 168 0 0 6 8 0 0 0 90 156 118 0 2 18 0 0 0 0 34 40 44 0 2 0 0 0 0 0 10 20 20 0 0 0 0 0 0 0 0 0 4 0 0 0 0 0 0 0 0 0 0 0 0 0 0 0
4
0 0 0 0 0 20 0 0 0 0 0 0 126 174 158 0 0 6 8 8 0 28 156 166 182 0 0 0 6 0 0 4 110 174 190 0 0 0 8 0 0 2 104 166 174 0 0 4 2 0 0 0 86 164 160 2 10 14 4 0 0 0 20 46 52 2 6 8 0 0 0 0 18 20 24 0 0 0 0 0 0 0 0 10 0 0 0 0 0 0 0 0 0 0 0 0 0 0 0 0
4
0 0 0 0 30 2 0 0 0 0 0 0 178 184 180 0 0 2 12 12 10 28 170 180 186 0 0 0 6 4 0 10 172 172 182 0 0 0 6 4 0 12 176 166 184 0 0 0 6 0 0 0 160 166 174 0 6 2 0 0 0 0 40 48 50 0 2 0 0 0 0 0 34 34 30 0 0 0 0 0 0 0 0 0 0 0 0 0 0 0 0 0 0 0 0 0 0 0 0 0
4
0 0 76 0 0 0 0 0 0 0 0 16 172 174 188 0 0 6 0 0 0 16 176 174 168 0 0 0 6 4 0 4 166 160 176 0 0 0 2 4 0 6 164 162 146 0 0 6 4 0 0 0 154 156 162 0 2 0 4 0 0 0 36 44 58 0 0 0 0 0 0 0 20 20 30 0 0 0 0 0 0 0 0 0 0 0 0 0 0 0 0 0 0 0 0 0 0 0 0 0
4
0 0 174 0 30 0 2 0 0 0 0 4 156 168 176 0 0 0 0 6 0 22 166 170 174 0 0 0 0 10 0 6 170 168 176 0 0 0 10 14 0 2 158 176 168 0 0 0 6 12 0 0 166 154 138 0 2 2 2 0 0 0 40 42 50 2 2 4 0 0 0 0 16 22 24 0 0 0 0 0 0 0 6 6 6 0 0 0 0 0 0 0 0 0 0 0 0 0 0 0
4
0 0 156 178 144 0 6 0 0 2 6 20 150 170 176 28 4 10 10 0 0 12 144 160 172 0 0 0 2 4 0 12 170 166 174 0 0 0 0 2 0 12 176 162 146 0 0 6 6 2 0 4 160 172 136 0 2 4 0 0 0 0 50 52 50 0 0 0 0 0 0 0 20 24 20 0 0 0 0 0 0 0 0 0 14 0 0 0 0 0 0 0 0 0 0 0 0 0 0 0
4
0 0 156 166 170 0 0 6 16 0 0 12 144 166 166 0 0 0 0 10 0 18 164 174 174 0 0 0 2 4 0 28 162 170 168 0 0 2 8 6 0 12 180 166 174 0 0 0 0 0 0 10 146 160 158 12 2 6 0 0 0 0 52 58 70 14 0 0 0 0 0 0 16 20 34 2 0 0 0 0 0 0 0 8 0 0 0 0 0 0 0 0 0 0 0 0 0 0 0 0
4
0 0 172 168 176 0 0 8 2 0 0 0 166 174 174 16 0 0 2 12 6 20 180 168 170 0 0 0 2 6 8 16 174 176 174 0 0 0 0 16 0 8 158 188 164 0 0 0 2 0 0 2 172 160 164 0 0 0 0 0 0 0 40 54 60 0 0 0 0 0 0 0 12 20 18 4 0 0 0 0 0 0 0 2 4 0 0 0 0 0 0 0 0 0 0 0 0 0 0 0
4
0 0 160 172 170 0 0 0 16 10 0 30 174 176 174 0 0 0 6 6 0 0 162 182 172 22 0 0 8 6 0 12 158 168 166 8 0 0 0 0 2 8 162 174 170 8 0 0 10 14 0 0 166 148 170 0 0 6 2 0 0 0 60 56 56 0 0 0 0 0 0 0 12 12 20 0 0 0 0 0 0 0 0 2 12 0 0 0 0 0 0 0 0 0 0 0 0 0 0 0
4
0 104 160 172 172 26 0 0 10 6 2 146 162 176 182 66 0 0 12 4 0 130 162 174 182 72 0 0 0 0 10 88 152 174 178 46 0 0 2 0 8 62 162 166 168 20 0 0 0 0 0 64 162 160 182 4 0 4 0 0 0 20 60 60 60 0 2 0 0 0 0 0 12 20 28 0 0 0 0 0 0 0 0 4 18 0 0 0 0 0 0 0 0 0 0 0 0 0 0 0
4
0 164 166 162 170 64 0 0 0 0 6 174 172 164 180 34 0 0 0 6 8 164 168 174 180 30 0 0 4 2 8 164 170 172 174 0 0 0 0 6 4 158 174 174 174 20 0 0 0 8 0 150 162 174 168 6 0 6 0 0 0 152 126 72 64 0 14 0 0 0 0 0 20 16 28 0 0 0 0 0 0 0 0 12 0 0 0 0 0 0 0 0 0 0 0 0 0 0 0 0
2
0 12 172 174 174 170 0 0 0 0 2 24 164 172 176 168 0 0 2 0 0 18 174 192 188 172 0 0 0 2 0 12 174 180 176 180 0 0 0 0 0 0 182 178 174 170 0 0 2 2 0 0 166 178 174 180 0 0 0 0 0 0 162 106 76 60 0 0 0 0 0 0 10 20 24 16 0 0 0 0 0 0 0 0 0 6 0 0 0 0 0 0 0 0 0 0 0 0 0 0
4
2 168 166 168 180 168 0 0 0 2 18 202 168 180 180 180 0 0 0 2 8 178 174 180 182 170 2 0 0 8 0 170 174 186 180 176 0 0 0 10 0 174 188 182 182 170 0 0 0 0 0 162 176 174 186 166 0 0 0 0 0 148 166 180 178 88 0 0 0 0 0 14 26 38 32 30 0 0 0 0 0 0 2 0 0 4 0 0 0 0 0 0 0 2 0 0 0 0 0 0
4
0 170 162 170 174 180 6 0 0 0 16 162 168 174 178 180 12 0 0 0 8 178 180 180 174 188 28 0 0 0 14 164 180 180 184 174 28 0 0 8 24 170 174 180 184 174 38 0 0 0 14 162 176 174 182 162 20 0 2 0 0 166 174 168 170 170 6 0 0 0 0 26 34 36 32 32 0 0 0 0 0 24 14 12 8 4 0 0 0 0 0 0 0 6 0 0 0 0 0 0
4
170 152 172 174 180 180 8 0 0 6 168 172 156 186 186 184 6 0 0 6 164 164 182 176 174 174 8 0 0 2 158 164 180 180 180 180 12 0 0 0 168 168 174 178 180 164 8 0 0 0 154 172 176 186 182 178 4 0 0 0 142 160 170 166 168 174 20 0 0 0 94 24 38 32 46 56 0 0 0 0 0 0 4 16 2 8 0 0 0 0 0 0 0 0 0 0 0 0 0 0
4
142 154 166 166 172 174 148 0 0 2 162 168 174 180 180 178 174 0 0 0 154 168 194 194 182 180 126 0 0 0 166 174 178 180 178 180 94 0 0 12 160 178 188 180 180 184 96 0 0 8 150 170 182 180 180 182 70 0 2 2 162 160 172 190 174 174 64 0 0 0 126 152 166 136 30 38 0 0 0 0 6 6 0 12 8 14 0 0 0 0 0 0 0 0 12 0 0 0 0 0
0
0 0 0 0 0 0 0 0 0 0 0 0 16 6 0 0 0 6 0 0 12 10 8 8 10 0 2 0 8 0 20 12 6 16 12 6 0 0 100 0 8 8 18 0 0 0 0 0 0 0 0 0 0 0 0 0 0 0 0 0 0 0 0 0 0 0 0 0 0 0 0 0 0 0 0 0 0 0 0 0 0 0 0 0 0 0 0 0 0 0 0 0 0 0 0 0 0 0 0 0
1
0 0 0 0 0 4 0 0 0 0 0 0 2 0 0 0 8 4 0 0 18 16 0 14 0 0 0 0 0 0 8 4 16 0 0 0 2 2 24 0 0 0 0 0 0 0 18 0 0 0 0 0 0 0 0 0 0 0 0 0 0 0 0 0 0 0 0 0 0 0 0 0 0 0 0 0 0 0 0 0 0 0 0 0 0 0 0 0 0 0 0 0 0 0 0 0 0 0 0 0
1
6 8 2 16 6 12 16 0 0 0 4 8 0 16 20 16 20 0 6 0 0 8 16 20 10 6 16 12 4 0 10 12 10 18 8 16 18 26 6 0 0 0 0 0 0 10 0 4 0 0 0 0 0 0 0 0 0 0 0 0 0 0 0 0 0 0 0 4 0 0 0 0 0 0 0 0 0 0 0 0 0 0 0 0 0 0 0 0 0 0 0 0 0 0 0 0 0 0 0 0
1
4 2 6 0 10 10 6 8 0 0 12 0 0 8 4 14 6 6 0 0 0 14 0 16 18 22 10 12 2 0 2 0 0 16 10 10 68 12 4 0 0 0 0 0 12 22 0 0 2 2 0 0 0 0 0 0 0 0 0 0 0 0 0 0 0 0 0 0 0 0 0 0 0 0 0 0 0 0 0 0 0 0 0 0 0 0 0 0 0 0 0 0 0 0 0 0 0 0 0 0
1
0 0 0 0 4 4 12 0 4 0 6 0 6 24 16 20 14 8 0 0 0 12 6 8 22 26 16 16 6 0 0 0 8 10 16 14 0 16 0 0 0 0 0 20 8 0 0 0 10 0 0 0 0 0 0 0 0 0 0 0 0 0 20 0 0 0 8 0 0 0 0 0 0 0 0 0 8 0 0 0 0 0 0 0 0 0 0 0 0 0 0 0 0 0 0 0 0 0 0 0
1
0 0 0 16 0 0 12 6 0 0 0 0 0 0 24 8 10 6 0 0 0 0 6 16 16 18 16 12 2 40 0 0 0 0 8 76 16 12 0 40 0 0 0 22 32 0 0 12 0 28 0 0 0 0 0 0 0 0 0 0 0 0 0 4 0 2 0 0 0 0 0 0 0 0 0 0 0 0 0 0 0 0 0 0 0 0 0 0 0 0 0 0 0 0 0 0 0 0 0 0
1
0 0 0 10 2 0 0 0 8 0 0 0 0 22 16 22 20 0 0 10 0 0 0 2 16 26 0 6 54 64 0 2 16 18 32 26 20 14 50 60 0 0 14 8 0 0 16 16 32 48 0 0 0 0 0 0 0 0 8 26 0 0 0 0 0 0 0 0 0 0 0 0 0 0 0 0 0 0 0 0 0 0 0 0 0 0 0 0 0 0 0 0 0 0 0 0 0 0 0 0
1
0 0 6 12 12 0 0 0 0 0 0 0 0 8 12 16 12 6 2 0 0 0 6 0 18 6 8 0 78 64 0 20 6 10 96 22 16 8 66 66 0 0 2 8 0 0 6 12 76 70 0 0 0 0 0 0 0 0 12 0 0 0 0 0 10 0 0 0 2 0 0 0 0 0 0 0 0 0 0 0 0 0 0 0 0 0 0 0 0 0 0 0 0 0 0 0 0 0 0 0
1
0 0 0 6 12 0 0 4 0 0 0 2 20 8 14 4 10 4 6 0 0 12 4 8 22 12 2 92 78 0 0 4 2 12 6 18 10 100 78 0 0 0 0 0 0 8 12 86 88 0 0 0 0 0 0 0 0 30 32 0 0 0 0 0 0 0 0 20 4 0 0 0 0 0 0 0 0 0 0 0 0 0 0 0 0 0 0 0 0 0 0 0 0 0 0 0 0 0 0 0
1
0 0 0 0 6 0 6 0 2 0 0 0 12 6 8 4 10 16 2 0 0 0 20 14 14 16 20 112 96 0 0 0 16 134 24 12 12 102 102 0 0 0 2 0 0 8 24 84 70 0 0 0 0 0 0 0 0 34 12 0 0 0 0 8 0 0 0 12 0 0 0 0 0 0 0 0 0 0 0 0 0 0 0 0 0 0 0 0 0 0 0 0 0 0 0 0 0 0 0 0
1
0 0 0 12 2 0 0 0 0 0 0 8 6 6 16 0 18 0 0 0 0 6 0 4 12 6 116 108 4 0 0 0 14 14 6 16 94 102 0 0 0 0 0 0 16 14 126 108 0 0 0 0 0 0 0 0 26 42 0 0 0 0 0 0 0 0 6 6 0 0 0 0 0 0 0 0 0 0 0 0 0 0 0 0 0 0 0 0 0 0 0 0 0 0 0 0 0 0 0 0
1
0 0 4 0 2 0 4 0 0 0 0 0 0 0 0 2 12 2 0 0 0 0 10 6 6 6 124 22 0 0 0 8 70 2 8 16 130 16 2 0 0 0 0 0 2 4 98 0 0 0 0 0 0 0 0 0 52 0 0 0 0 0 0 0 2 0 16 0 0 0 0 0 0 0 0 0 12 0 0 0 0 0 0 0 0 0 0 0 0 0 0 0 0 0 0 0 0 0 0 0
1
0 0 0 0 0 0 0 0 0 0 0 0 0 6 2 2 6 0 0 0 0 0 0 6 0 118 134 0 0 0 0 14 8 0 12 124 128 14 0 0 0 0 0 6 20 92 122 0 0 0 0 0 0 0 0 46 56 0 0 0 0 0 0 0 0 22 26 0 0 0 0 0 0 0 0 0 2 0 0 0 0 0 0 0 0 0 0 0 0 0 0 0 0 0 0 0 0 0 0 0
1
0 0 0 0 0 0 0 4 0 0 0 0 0 0 8 4 4 0 0 0 0 8 0 2 10 132 0 0 0 0 0 0 8 8 24 118 8 0 0 0 0 0 0 6 4 112 0 0 0 0 0 0 0 0 0 32 0 0 0 0 0 0 0 0 0 22 0 0 0 0 0 0 0 0 0 0 0 0 0 0 0 0 0 0 0 0 0 0 0 0 0 0 0 0 0 0 0 0 0 0
1
0 0 0 0 0 4 6 2 0 0 0 0 0 0 2 2 0 0 0 0 0 0 0 2 114 118 0 0 0 0 102 0 2 12 122 128 6 0 0 0 0 0 6 12 102 112 6 2 0 0 0 0 0 0 32 38 0 0 0 0 0 0 0 0 20 6 0 0 0 0 8 0 0 0 0 0 0 0 0 0 0 0 0 0 0 0 0 0 0 0 0 0 0 0 0 0 0 0 0 0
1
0 0 0 0 0 2 0 0 0 0 0 0 0 10 6 0 0 2 0 0 0 0 0 78 140 0 0 0 0 0 2 0 2 86 132 20 0 0 0 0 0 0 0 66 120 6 0 0 0 0 0 0 0 18 52 0 0 0 0 0 0 0 0 0 20 0 0 0 0 0 0 0 0 0 8 0 0 0 0 0 0 0 0 0 0 0 0 0 0 0 0 0 0 0 0 0 0 0 0 0
1
0 0 0 0 0 0 0 0 0 30 0 0 0 0 2 6 8 0 0 36 0 0 0 106 74 0 0 0 0 0 0 0 0 104 122 2 0 0 0 0 0 0 16 98 90 2 0 0 0 0 0 0 0 26 24 0 0 0 0 0 0 0 0 16 12 0 0 0 0 0 0 0 0 0 0 0 0 0 0 0 0 0 0 0 0 0 0 0 0 18 0 0 0 0 0 0 0 0 0 12
1
0 0 0 10 2 0 0 0 0 0 0 0 0 0 0 2 12 0 14 0 0 0 110 104 16 0 0 0 4 0 0 0 92 112 22 0 0 0 2 0 0 0 90 122 14 16 0 4 6 0 0 0 12 42 0 0 0 0 0 0 0 0 0 20 0 0 0 0 0 0 0 0 0 0 0 0 0 0 0 0 0 0 0 0 0 0 0 0 0 12 0 0 0 0 0 0 0 0 0 26
1
0 0 0 4 0 6 0 0 0 36 0 2 4 16 2 0 2 0 0 0 2 0 104 40 10 4 0 0 0 12 0 0 102 32 0 2 2 0 0 4 0 0 66 46 12 0 0 0 0 0 0 0 34 2 0 0 0 0 0 0 0 0 0 0 0 0 0 0 0 0 0 0 0 0 0 0 0 0 16 0 0 0 0 0 0 0 0 0 0 0 0 0 0 0 0 0 0 0 0 0
1
0 0 0 4 0 0 0 0 0 24 0 0 10 0 0 6 0 52 0 0 0 62 102 6 10 0 0 0 0 0 12 56 112 6 8 0 2 0 0 0 2 68 104 2 6 6 0 0 0 0 0 8 52 0 0 0 0 0 0 0 0 0 4 0 0 0 0 4 0 0 0 0 0 0 0 0 0 0 0 0 0 0 0 0 0 0 0 2 4 0 0 0 0 0 0 0 0 20 0 0
1
0 0 0 0 0 0 0 0 34 4 0 0 0 0 0 0 0 0 16 8 36 82 32 4 6 2 6 0 0 0 20 82 18 0 0 2 0 0 18 0 18 78 0 0 8 0 0 0 0 0 0 18 0 0 0 0 0 0 0 0 0 0 0 0 0 0 0 6 0 0 0 0 0 0 0 0 0 6 0 0 0 0 0 0 0 0 0 0 0 0 0 0 0 0 0 0 0 0 0 0
1
0 0 0 2 2 10 0 32 4 0 0 0 0 6 0 0 42 64 6 0 58 92 10 0 0 2 20 26 0 0 38 104 0 6 0 8 0 36 0 0 44 98 0 0 0 2 0 18 4 0 0 22 0 0 0 0 0 0 0 0 0 0 0 0 0 0 0 12 0 0 0 0 0 0 0 0 0 2 0 0 0 0 0 0 0 0 0 0 0 0 0 0 0 0 0 0 0 6 0 0
1
0 0 0 4 6 22 0 40 6 0 0 0 0 4 0 8 30 34 4 0 58 8 0 0 0 6 0 28 0 0 70 0 0 0 0 14 0 18 0 0 56 4 0 0 0 0 0 18 0 0 12 0 0 0 0 2 0 0 0 0 0 0 0 0 0 0 0 2 0 0 0 0 0 0 0 0 8 0 0 0 0 0 0 0 0 0 0 0 0 0 0 0 0 0 0 0 0 0 0 0
1
0 0 0 0 6 0 30 26 0 0 0 0 2 0 0 0 38 26 0 4 0 0 0 0 2 0 20 14 0 0 2 0 0 0 4 18 42 0 0 0 0 0 0 0 0 0 20 12 0 0 0 0 0 0 0 0 4 4 0 0 0 0 0 0 0 0 6 0 0 0 0 0 0 0 0 0 0 0 0 0 0 0 0 0 0 0 0 0 0 0 0 0 0 0 0 0 0 0 0 0
1
0 0 0 0 0 0 54 6 16 0 0 2 0 16 24 32 60 10 0 20 0 2 0 0 0 0 38 4 0 8 0 0 0 0 0 0 16 10 0 0 0 0 0 0 0 0 12 2 0 0 0 0 0 0 0 0 18 0 0 0 0 0 0 0 6 8 0 0 0 0 0 0 0 0 0 0 0 0 0 0 0 0 0 0 0 0 0 0 0 0 0 0 0 0 14 0 0 0 0 0
1
0 0 0 0 0 34 14 8 0 0 0 0 0 8 0 26 14 0 16 28 0 0 0 2 0 14 20 0 26 16 0 0 0 12 12 20 12 0 0 0 0 0 0 12 0 26 20 18 0 0 0 0 0 0 0 0 2 0 0 0 0 0 0 0 2 2 0 0 0 0 0 0 0 0 0 0 0 0 0 0 0 0 0 0 0 0 0 0 0 0 0 0 0 0 0 0 0 0 0 0
1
0 0 0 0 0 14 4 0 56 0 0 0 0 42 38 18 24 0 34 26 0 0 0 0 8 32 8 30 28 16 2 0 0 0 40 28 12 0 0 16 0 0 0 0 4 24 10 0 0 0 0 0 0 0 0 0 0 0 0 0 0 0 0 0 0 0 0 0 0 0 0 0 0 2 18 0 0 0 0 0 0 0 0 0 0 0 0 0 0 0 0 0 0 0 0 0 0 0 0 0
1
0 0 0 0 36 12 20 102 16 0 0 0 12 0 30 16 0 12 34 28 0 0 0 0 40 16 6 34 32 34 0 0 4 0 38 16 0 0 0 0 0 0 0 30 32 4 0 0 0 0 0 0 0 0 2 0 0 0 0 0 0 0 0 6 0 6 0 0 0 0 0 0 0 6 0 0 0 0 0 0 0 0 0 0 0 0 0 0 0 0 0 0 0 0 0 0 0 0 0 0
1
0 0 0 10 0 16 0 0 0 0 0 0 56 26 0 0 0 40 38 38 0 0 0 24 4 6 26 46 48 38 0 0 0 10 0 16 28 0 0 0 0 0 0 20 0 2 0 0 8 0 0 0 0 6 0 6 0 0 0 0 0 0 0 8 0 0 0 0 2 0 0 0 0 2 0 0 0 0 0 0 0 0 2 12 0 0 0 0 0 0 0 0 0 0 0 0 0 0 0 0
1
0 0 0 54 2 20 170 0 0 0 0 10 0 26 4 0 24 40 0 34 0 0 0 28 20 34 50 68 40 24 0 0 0 24 10 16 0 0 0 0 0 0 0 38 0 0 0 0 0 0 0 0 0 16 8 0 0 0 0 0 0 0 0 0 2 0 0 8 0 0 0 0 6 0 0 0 0 0 0 0 0 0 0 0 0 0 0 0 0 0 0 0 0 0 0 0 0 0 0 0
1
0 0 44 20 16 0 0 0 0 0 4 0 44 40 0 10 48 14 56 8 0 0 28 28 16 38 54 52 36 22 0 0 46 2 8 0 0 0 0 0 4 0 36 24 10 0 0 12 0 0 0 0 0 4 10 0 0 12 0 0 0 0 4 0 0 2 0 0 0 0 0 0 0 0 0 0 0 0 0 0 0 6 0 0 0 0 0 0 0 0 0 0 0 2 0 6 0 0 0 0
1
42 0 44 8 12 96 0 18 0 0 38 22 32 10 0 10 52 44 28 16 0 4 22 4 28 64 76 44 36 16 0 0 40 16 30 0 0 0 0 0 0 0 22 8 0 0 0 0 0 0 0 0 6 0 0 0 0 0 0 0 0 0 0 0 0 0 0 0 0 0 0 12 0 0 0 0 0 0 0 0 0 10 0 0 0 6 0 0 0 0 0 10 0 0 0 0 0 0 0 0
1
0 32 0 20 68 0 0 0 0 0 0 18 40 0 30 48 0 48 32 0 0 32 20 0 52 62 54 58 38 0 0 18 30 6 10 0 0 0 8 0 0 10 42 14 0 0 0 0 0 0 0 0 2 8 0 0 8 0 0 0 0 0 0 0 0 0 8 0 0 0 8 0 0 0 0 0 0 0 0 0 18 0 0 0 0 0 0 0 0 0 0 0 0 0 0 0 0 0 0 0
1
38 18 12 0 0 0 0 24 0 0 28 10 0 4 36 36 46 36 16 0 10 32 0 30 70 60 58 42 4 0 2 0 0 10 0 0 0 0 0 0 0 0 0 0 0 0 0 0 10 0 0 0 0 0 0 0 0 0 0 0 0 0 0 8 4 0 0 0 0 0 0 0 0 0 0 0 0 0 0 0 0 0 0 0 0 0 0 0 0 0 0 0 0 0 2 0 0 0 0 0
1
10 12 20 182 0 0 0 16 0 0 14 12 8 34 50 16 56 44 0 0 34 6 16 58 66 54 56 62 2 0 16 20 14 0 0 0 0 12 0 0 16 8 16 0 0 2 0 0 0 0 0 0 10 0 0 16 0 0 0 0 0 0 2 0 4 0 0 0 0 0 0 12 0 0 0 0 0 0 0 0 0 0 0 0 0 0 0 0 0 0 0 0 0 0 0 0 0 0 0 0
1
6 16 0 0 0 0 0 0 0 0 8 0 24 40 10 58 66 0 0 0 14 0 44 66 52 64 60 4 0 0 30 0 0 10 0 0 0 0 0 0 28 2 8 0 0 0 0 0 0 0 0 0 0 0 0 0 0 0 0 0 0 0 0 0 2 0 0 0 0 0 0 0 6 0 0 0 0 0 0 0 0 0 0 0 0 0 0 0 0 0 0 0 0 0 0 0 0 0 0 0
1
12 38 180 0 0 0 0 0 0 0 14 0 68 60 34 64 46 0 0 0 16 36 68 64 60 64 64 0 0 0 20 6 0 0 0 0 12 0 0 0 0 0 0 0 0 0 0 0 0 0 0 0 0 0 0 0 8 0 0 0 0 0 0 6 0 0 2 0 0 0 0 0 0 0 0 0 0 0 0 0 0 0 0 0 0 0 0 0 0 0 0 0 0 0 0 0 0 0 0 0
1
0 0 0 8 0 0 0 0 0 6 0 32 64 0 60 64 0 0 0 0 0 56 62 54 62 64 0 0 0 0 0 4 0 0 0 0 4 0 0 0 8 0 0 16 0 2 2 0 0 0 0 0 0 0 0 0 0 0 0 0 0 0 0 0 0 0 0 0 0 0 0 0 0 0 0 0 0 0 0 0 0 0 0 0 0 0 0 0 0 0 0 0 0 0 0 0 0 0 0 0
1
12 0 0 0 0 0 0 0 0 0 42 66 54 70 74 62 0 0 0 0 26 54 70 64 70 36 0 0 0 0 0 8 0 0 0 34 0 0 0 0 0 0 0 0 0 36 0 0 0 0 0 0 0 0 0 10 0 0 0 0 0 0 4 0 0 0 0 0 0 0 0 0 2 2 0 0 0 0 0 0 0 0 0 0 0 0 0 0 0 0 0 0 0 0 0 0 0 0 0 0
1
