0 0 0 0 0 2 0 8 0 6 0 0 0 0 0 0 0 0 0 0 8 16 14 0 8 0 0 0 0 0 0 0 0 0 0 0 0 0 0 0 0 0 0 0 0 0 0 0 0 0 0 0 0 0 0 0 0 0 0 0 0 0 0 0 0 0 0 0 0 0 0 0 0 0 0 0 0 0 0 0 0 0 0 0 0 0 0 0 0 0 0 0 0 0 0 0 0 0 0 0
1
0 16 6 4 4 0 8 0 0 0 0 6 6 10 4 2 4 0 0 0 2 0 0 4 0 0 0 0 0 0 8 10 8 10 2 0 0 0 0 0 0 0 0 0 0 0 0 0 0 0 0 0 0 0 0 0 0 0 0 0 0 0 0 0 0 0 0 0 0 0 0 0 0 0 0 0 0 0 0 0 0 0 0 0 0 0 0 0 0 0 0 0 0 0 0 0 0 0 0 0
1
0 0 4 2 8 8 0 0 0 0 0 6 6 0 0 0 0 0 0 0 0 0 0 0 2 0 0 6 0 0 16 0 0 0 0 0 0 0 0 0 0 0 0 0 0 0 0 0 0 0 0 0 0 0 0 4 0 0 0 0 0 0 0 0 0 0 0 0 0 0 0 0 0 0 0 0 0 0 0 0 0 0 0 0 0 0 0 0 0 0 0 0 0 0 0 0 0 0 0 0
1
0 6 4 0 0 0 0 0 0 0 0 10 4 0 0 0 0 0 0 0 0 0 0 0 0 14 4 0 10 14 0 0 0 0 0 14 10 10 0 6 0 0 0 0 0 0 4 0 0 0 0 0 0 2 0 0 0 0 0 0 0 0 0 0 0 0 0 0 0 0 0 0 0 0 0 0 0 0 0 0 0 0 0 0 0 0 0 0 0 0 0 0 0 0 0 0 0 0 0 0
1
2 0 0 0 0 0 0 0 0 0 0 0 0 0 0 0 0 0 0 0 0 0 10 18 22 6 6 10 90 0 0 0 0 10 14 10 10 10 58 0 0 0 0 12 16 18 10 4 68 0 0 4 16 34 34 44 36 34 30 0 0 0 0 0 0 0 0 0 2 0 0 0 0 0 0 0 0 0 0 0 0 0 0 0 0 0 0 0 0 0 0 0 0 0 0 0 0 0 0 0
3
0 0 0 0 0 32 0 0 0 0 0 0 0 0 4 0 0 0 0 0 0 2 0 4 20 14 76 0 0 0 10 18 10 20 10 8 56 0 0 0 6 4 16 20 18 10 6 4 4 0 0 0 0 12 2 14 4 2 0 0 0 0 0 0 0 2 0 0 0 0 0 0 0 0 10 0 0 0 0 0 0 0 0 0 0 0 0 0 0 0 0 0 0 0 0 0 0 0 0 0
4
0 0 0 18 14 6 102 0 0 0 6 8 20 26 20 28 60 16 0 0 0 8 18 10 10 4 56 6 0 0 0 0 16 4 18 4 16 0 0 0 0 0 8 12 0 0 14 0 0 0 0 0 0 2 10 0 0 0 0 0 0 0 0 0 0 0 0 0 0 0 0 0 0 0 0 0 0 0 0 0 0 0 0 0 0 0 0 0 0 0 0 0 0 0 0 0 0 0 0 2
4
0 8 12 22 16 20 130 20 0 0 4 10 10 16 8 22 94 2 0 0 0 6 18 14 16 16 56 10 0 0 0 16 16 10 8 28 92 12 0 0 0 0 4 4 16 10 74 0 0 0 0 0 0 0 2 10 18 0 0 0 0 0 0 0 0 6 0 0 0 0 0 0 0 0 0 0 0 0 0 0 0 0 0 0 0 0 0 0 0 0 0 0 0 0 0 0 0 0 0 0
0
0 0 0 26 22 10 0 0 0 0 0 0 0 0 0 0 2 0 0 0 0 28 0 12 16 14 16 0 0 0 0 0 0 0 0 0 0 0 0 0 0 0 0 0 6 2 0 0 0 0 0 0 0 12 6 16 4 2 0 0 0 0 0 0 2 0 0 0 0 0 0 0 0 0 0 0 0 0 0 0 0 0 0 0 0 0 0 0 0 0 0 0 0 0 0 0 0 0 0 0
1
0 20 40 30 6 10 8 10 6 0 0 0 0 32 26 10 14 0 18 0 0 0 0 12 2 6 8 10 0 0 0 20 0 14 10 18 8 0 0 0 0 0 18 0 0 0 0 0 0 0 0 0 2 0 14 6 0 0 0 0 0 0 0 4 0 0 0 0 0 0 0 0 0 0 0 0 0 0 0 0 0 0 0 0 0 0 0 0 0 0 0 0 0 0 0 0 0 0 0 0
1
18 36 10 12 18 10 12 0 0 0 0 22 0 8 8 0 4 0 0 0 0 0 0 14 26 16 0 0 0 0 0 8 10 0 2 0 0 0 0 8 0 0 0 0 0 0 0 0 0 0 0 0 0 0 0 0 0 0 0 0 0 0 0 0 0 0 0 0 0 0 0 0 0 0 0 0 0 0 0 0 0 0 0 0 0 0 0 0 0 0 0 0 0 0 0 0 0 0 0 0
1
0 0 2 8 6 0 0 0 4 14 0 0 0 8 10 0 0 0 12 0 0 6 8 0 0 0 4 20 0 0 0 0 0 0 0 14 4 4 20 4 0 0 0 0 0 0 0 0 0 0 0 0 0 0 0 0 0 0 0 0 0 0 0 0 0 2 0 0 0 0 0 0 0 0 0 0 0 0 0 0 0 0 0 0 0 0 0 0 0 0 0 0 0 0 0 0 0 0 0 0
1
4 2 0 10 0 0 0 0 18 14 0 0 0 4 0 0 0 0 0 0 0 0 0 2 0 12 10 0 4 0 0 0 0 0 4 4 0 6 0 0 0 0 0 0 0 4 0 0 0 0 0 0 0 0 0 0 6 0 0 0 0 0 0 0 4 0 0 0 0 0 0 0 0 0 0 0 0 0 0 0 0 0 0 0 2 4 0 0 0 0 0 0 0 0 0 0 0 0 0 0
1
0 6 0 0 0 0 0 0 0 0 0 20 0 0 0 0 0 0 0 0 0 0 30 32 28 6 6 4 0 0 0 20 16 6 12 0 2 0 0 0 0 0 0 0 0 0 0 0 0 0 0 2 4 6 0 0 0 0 0 0 0 0 0 2 2 0 0 0 0 0 0 0 0 0 0 0 0 0 0 0 0 0 0 0 0 0 0 0 0 0 0 0 0 0 0 0 0 0 0 0
1
6 6 6 0 10 0 4 0 0 0 0 0 0 0 0 0 6 0 0 0 8 16 0 16 0 0 0 4 0 0 14 18 8 6 0 0 2 0 0 2 0 0 0 0 0 0 0 0 0 0 0 0 0 6 0 0 0 0 0 0 0 0 0 0 0 0 0 0 0 0 0 0 0 0 0 0 0 0 0 0 0 0 0 0 0 0 0 0 0 0 0 0 0 0 0 0 0 0 0 0
1
10 14 0 0 18 4 6 0 4 0 0 0 0 0 0 4 0 16 0 10 0 8 12 0 0 0 0 0 0 0 6 8 0 0 6 4 10 0 0 0 0 0 0 0 0 0 0 0 0 0 0 0 0 0 0 0 0 0 0 0 0 0 0 0 0 0 0 0 0 0 0 0 0 0 0 0 0 0 0 0 0 0 0 0 0 0 0 0 0 0 0 0 0 0 0 0 0 0 0 0
1
0 12 4 0 2 8 10 4 0 0 2 18 4 0 0 0 4 0 6 0 0 0 0 4 6 0 0 0 0 0 0 0 0 0 0 8 0 0 0 0 0 0 0 0 0 0 0 0 0 0 0 0 0 0 0 0 0 0 0 0 0 0 0 0 0 0 0 0 0 0 0 0 0 0 0 0 0 0 0 0 0 0 0 0 0 0 0 0 0 0 0 0 0 0 0 0 0 0 0 0
1
0 10 10 2 0 0 0 0 0 0 8 10 0 4 4 0 18 0 0 0 2 0 0 0 6 4 4 0 0 0 4 0 0 0 0 0 0 0 0 0 0 0 0 0 0 0 0 0 0 0 0 0 0 0 0 0 0 0 0 0 0 0 0 0 0 0 0 0 0 0 0 0 0 0 0 0 0 0 0 0 0 0 0 0 0 0 0 0 0 0 0 0 0 0 0 0 0 0 0 0
1
0 8 4 4 6 0 0 0 0 0 0 4 0 0 0 0 0 0 0 0 8 0 2 0 0 8 8 10 0 0 0 8 0 0 0 8 4 0 2 0 0 0 0 0 0 0 6 0 0 0 0 0 0 0 0 2 0 0 0 0 0 0 0 0 0 0 0 0 0 0 0 0 0 0 0 0 0 0 0 0 0 0 0 0 0 0 0 0 0 0 0 0 0 0 0 0 0 0 0 0
1
0 0 0 0 0 0 0 0 0 0 0 0 0 0 0 0 0 10 10 2 0 6 0 0 10 8 16 10 10 0 0 0 4 10 26 2 4 12 16 0 0 0 0 6 12 2 8 0 16 0 0 0 0 2 12 0 10 6 0 0 0 0 0 0 10 0 0 0 0 0 0 0 0 0 0 0 0 0 0 0 0 0 0 0 0 0 0 0 0 0 0 0 0 0 0 0 0 0 0 0
1
0 0 6 0 0 0 0 0 0 0 0 0 0 0 0 10 6 0 70 2 0 0 24 20 18 2 18 28 66 0 12 6 4 6 8 10 6 12 74 0 0 8 8 20 28 16 18 44 42 0 0 0 0 8 8 12 2 6 34 0 0 0 2 0 0 0 0 0 0 0 0 0 0 0 0 0 0 0 0 0 0 0 0 0 0 0 0 0 0 0 0 0 0 0 0 0 0 0 0 0
1
0 0 0 0 0 0 0 0 0 0 0 18 16 14 0 152 10 0 0 0 16 14 4 8 4 132 28 0 0 0 4 20 8 4 4 146 8 0 0 0 0 0 8 10 8 96 10 6 0 0 0 0 0 16 8 126 0 0 0 0 0 0 0 0 2 30 2 0 0 0 0 0 0 0 0 20 0 0 0 0 0 0 0 0 0 0 0 0 0 0 0 0 0 0 0 0 0 0 0 0
4
4 8 32 22 16 86 62 0 0 0 6 8 18 10 20 46 82 0 0 0 2 2 16 20 10 126 78 0 0 0 0 6 16 16 18 102 8 22 2 0 0 0 0 0 2 112 4 0 0 0 0 0 4 6 10 34 4 0 0 0 0 0 0 0 0 18 0 0 0 0 0 0 0 0 0 0 0 0 0 0 0 0 0 0 0 0 0 0 0 0 0 0 0 0 0 8 10 0 0 0
4
0 10 16 20 24 90 92 34 0 0 4 10 12 8 12 92 52 28 0 0 0 6 10 20 10 108 102 12 0 0 0 10 4 12 16 102 74 18 0 0 0 0 0 8 0 78 102 28 0 0 0 0 6 6 2 110 86 36 0 0 0 0 0 0 0 2 0 0 0 0 0 0 0 0 0 0 0 0 0 0 0 0 0 0 8 0 0 0 0 0 0 0 0 0 0 0 0 6 0 0
4
0 20 8 10 0 106 122 116 70 0 16 18 8 4 4 114 130 90 94 62 0 18 16 6 0 138 126 28 64 0 2 6 6 16 4 42 130 50 46 0 0 32 4 6 4 82 112 64 48 8 0 0 6 12 12 96 112 96 58 0 0 0 0 0 0 48 104 44 60 0 0 0 0 10 6 48 90 56 44 0 0 0 0 0 0 0 96 48 34 12 0 0 0 0 0 0 0 6 0 14
0
0 20 6 6 0 18 28 0 0 0 0 16 0 0 26 32 32 0 40 8 8 6 20 0 34 16 24 0 10 0 0 0 0 0 10 44 22 0 0 0 0 0 8 0 6 4 22 0 0 0 0 0 6 0 6 6 18 0 0 0 0 0 0 0 10 10 8 0 0 0 0 0 0 0 0 0 4 0 0 0 0 0 0 0 6 0 0 0 0 0 0 0 0 0 0 0 0 0 0 0
1
0 0 38 44 64 60 26 0 0 0 0 0 28 32 0 6 0 0 0 0 0 0 40 36 0 26 40 0 0 0 0 0 46 34 0 0 0 0 0 0 12 0 40 40 0 0 0 0 0 0 0 4 0 26 0 10 10 0 0 0 0 0 12 2 2 8 0 0 0 0 0 0 0 2 8 0 0 0 0 0 0 0 0 0 0 0 0 0 0 0 0 0 0 0 0 0 0 0 0 0
1
30 64 62 34 4 0 0 0 36 32 28 16 10 18 0 0 0 0 8 0 16 0 0 0 0 0 0 0 14 0 28 0 0 0 0 0 0 0 60 0 20 0 0 8 0 0 0 0 0 0 16 10 0 18 8 0 0 0 0 0 0 14 20 0 0 0 0 0 0 0 0 8 0 0 0 0 0 0 0 0 0 0 0 0 0 0 0 0 0 0 0 0 0 0 0 0 0 0 0 0
1
68 18 0 0 0 74 64 62 74 0 10 16 0 0 0 56 62 0 14 0 0 12 0 0 0 0 0 0 0 0 10 0 0 0 0 0 0 0 0 0 22 0 32 0 0 0 0 0 0 0 36 6 0 0 0 0 0 4 0 0 12 0 0 0 0 0 0 0 0 0 0 0 0 0 0 0 0 0 0 0 0 0 0 0 0 0 0 0 0 0 0 0 0 0 0 0 0 0 0 0
1
0 0 0 68 58 72 0 20 10 8 0 0 0 38 72 6 2 0 0 0 0 0 0 0 54 0 50 0 0 24 0 0 0 0 0 0 16 0 0 14 0 0 0 0 0 0 14 0 0 20 0 0 0 0 0 0 30 0 0 0 4 0 8 0 0 2 20 0 0 0 0 0 0 0 0 0 16 0 0 0 0 0 0 2 8 12 0 0 0 0 0 0 0 0 0 0 0 0 0 0
1
72 72 80 74 8 0 0 0 0 0 16 48 0 4 0 0 0 0 0 0 0 0 0 0 0 28 0 0 6 0 24 0 0 0 0 0 0 24 0 0 0 0 0 0 4 0 22 0 0 0 0 0 0 0 0 0 20 2 0 0 0 0 4 14 0 0 8 0 0 0 0 0 26 26 8 6 12 2 0 0 0 0 6 8 14 14 0 0 0 0 0 0 0 0 0 0 0 0 0 0
4
0 0 0 64 16 0 0 0 22 16 0 0 0 16 0 0 28 32 20 10 20 0 0 0 0 0 0 30 6 0 0 0 0 0 0 0 0 0 0 0 0 0 0 16 0 0 16 4 0 0 20 24 12 24 0 0 8 0 6 0 0 40 30 12 0 0 4 0 0 0 0 36 0 0 0 0 0 0 0 0 0 0 0 0 0 0 0 0 0 0 0 0 0 0 4 0 0 0 0 0
1
12 44 0 0 0 28 0 0 0 0 0 0 12 2 0 0 2 0 0 12 0 20 0 12 0 12 10 4 0 4 0 0 0 0 12 6 0 0 0 10 16 10 0 4 32 26 20 22 0 0 0 14 0 0 10 18 26 10 6 0 0 2 0 0 12 12 8 0 0 0 0 0 0 0 0 0 0 0 0 0 0 0 0 0 0 0 0 0 0 0 0 0 0 0 16 2 0 0 0 0
1
0 0 26 0 0 0 0 0 0 0 0 28 0 2 0 0 0 0 10 0 0 50 38 6 20 0 0 0 0 0 0 0 0 0 8 0 22 2 0 0 0 6 12 16 24 0 0 0 2 0 0 0 0 8 12 8 12 12 0 0 0 0 2 16 0 0 8 12 8 0 0 0 0 0 0 0 0 0 0 0 0 0 0 2 2 0 8 0 0 0 0 0 0 0 8 0 6 0 0 0
1
24 0 2 0 0 0 0 0 0 0 16 0 8 0 0 0 0 0 0 4 12 0 0 8 0 0 0 0 0 0 0 0 0 0 8 0 0 0 0 0 0 10 16 6 0 0 0 0 0 0 6 10 6 20 12 6 12 8 2 0 0 0 0 0 16 16 2 6 0 0 0 0 0 0 2 0 0 0 0 0 0 0 0 0 0 0 0 0 0 0 0 0 0 4 30 12 0 0 0 0
1
4 0 0 0 2 0 0 0 0 0 18 2 0 0 0 0 0 0 0 6 12 0 0 4 0 0 0 0 0 0 0 22 12 0 0 0 0 0 2 4 0 6 0 0 0 2 0 0 0 0 6 16 16 22 10 8 12 0 0 16 0 6 20 14 6 12 0 8 8 0 0 0 0 8 2 2 8 0 8 0 0 0 0 10 0 0 0 0 0 0 0 0 0 0 20 6 0 0 12 0
1
12 0 0 0 0 0 0 0 0 0 0 0 0 0 4 0 0 0 6 0 0 0 0 6 0 0 0 0 0 0 0 0 0 0 0 0 6 12 0 0 2 0 0 6 4 0 0 0 0 0 4 0 0 0 2 16 10 8 0 0 0 0 0 0 4 10 4 2 0 0 0 0 0 0 2 16 10 18 0 0 0 0 0 0 0 4 0 0 0 0 0 0 0 0 0 0 0 0 0 0
1
0 0 0 12 0 0 0 0 0 0 0 22 12 0 12 0 0 0 0 0 0 14 0 0 0 0 0 0 0 0 8 0 0 0 12 0 0 0 0 0 0 12 16 4 6 0 0 0 0 0 0 0 6 6 0 0 12 0 0 0 0 0 0 20 12 6 2 0 0 0 0 0 0 14 10 0 0 0 0 0 0 0 4 2 4 0 0 0 0 0 0 0 0 12 4 0 0 0 0 0
1
0 8 24 26 0 0 0 2 0 0 0 0 0 2 0 0 4 0 0 0 22 8 12 0 0 0 0 0 6 0 0 0 6 0 0 0 0 0 0 0 0 6 0 0 0 0 0 0 0 0 0 0 0 0 0 0 0 0 0 0 0 0 0 0 0 0 0 0 0 0 0 0 0 0 0 0 0 0 0 0 0 0 0 0 0 0 0 0 0 0 0 0 0 0 0 2 0 4 0 0
1
0 0 0 6 0 0 0 0 0 6 0 0 0 0 0 0 0 0 0 0 0 6 0 0 0 0 0 0 0 0 0 0 0 0 0 0 0 0 0 0 0 0 0 6 0 0 0 0 0 0 0 0 0 0 0 0 0 0 0 0 0 0 0 0 0 0 0 0 0 0 0 0 0 0 0 0 0 0 0 0 0 0 0 0 0 0 0 0 0 0 6 0 0 0 0 0 0 0 0 0
1
0 0 4 0 0 0 0 0 0 0 0 0 0 2 0 0 0 0 0 0 0 0 0 0 0 0 0 0 0 0 0 0 0 0 0 0 0 22 0 0 2 0 0 0 4 0 2 0 0 0 0 0 0 0 0 0 0 0 0 0 0 0 0 2 0 0 0 0 0 0 0 0 0 0 0 0 2 0 0 0 0 0 0 0 0 0 0 0 0 0 0 0 0 0 0 0 0 0 0 0
1
10 6 0 0 0 0 0 0 0 0 0 0 0 0 0 24 0 0 0 0 0 2 10 0 0 0 8 8 0 0 0 0 0 0 0 0 0 0 0 0 0 0 0 0 0 0 0 0 0 0 0 0 2 6 4 0 10 0 0 0 0 0 0 0 0 0 0 0 0 0 0 0 0 0 6 0 0 0 0 0 0 0 0 0 0 0 0 0 0 0 0 0 0 0 0 0 0 0 0 0
1
0 4 6 0 0 0 0 0 0 0 0 8 0 0 2 8 6 0 30 0 6 0 0 0 6 4 6 10 44 0 8 0 0 0 0 22 16 8 0 0 0 0 0 6 0 0 4 0 6 0 0 0 0 0 0 0 0 0 6 0 0 0 0 0 0 0 0 0 0 0 0 0 0 0 0 0 0 0 0 0 0 0 0 0 0 0 0 0 0 0 0 0 0 0 0 0 0 0 0 0
1
0 0 0 0 0 0 0 0 0 0 0 4 8 16 6 98 20 10 0 0 0 0 10 8 10 92 8 14 0 0 0 0 0 0 20 50 8 6 2 0 0 0 0 2 6 28 4 0 0 0 0 0 0 0 0 0 2 0 0 0 0 0 0 0 0 0 0 0 0 0 0 0 0 0 0 0 0 0 0 0 0 0 0 0 0 0 0 0 0 0 0 0 0 2 0 0 0 0 0 0
4
0 0 0 0 0 4 6 28 0 0 6 0 0 6 22 118 10 6 0 0 12 0 14 12 16 98 16 12 0 0 0 0 10 6 10 72 26 10 0 0 0 0 0 0 6 32 10 0 0 0 0 0 0 0 0 12 4 0 0 0 0 0 0 0 0 0 4 0 0 0 0 0 0 0 0 0 0 0 0 0 0 0 0 0 0 0 0 0 0 0 0 0 0 0 0 0 0 0 0 0
4
0 0 0 0 24 134 8 10 0 0 0 0 6 16 28 102 16 24 0 0 0 2 16 10 18 58 0 10 10 0 0 2 4 10 18 86 18 8 0 0 0 0 0 6 2 36 0 0 0 0 0 0 0 0 0 4 0 0 0 0 0 0 0 0 0 0 0 0 0 0 0 0 0 0 0 0 0 0 0 0 0 0 0 0 0 0 0 0 0 0 0 0 0 0 0 0 0 0 0 0
4
0 0 0 0 8 48 42 28 0 0 0 0 12 14 18 22 60 20 6 0 0 10 16 10 20 42 56 24 2 0 0 0 6 12 14 48 38 2 0 0 0 0 0 6 12 66 78 0 0 0 0 0 0 4 0 20 0 0 0 0 0 0 0 0 0 2 0 0 0 0 0 0 0 0 0 0 0 0 0 0 0 0 0 0 0 0 0 0 0 0 0 0 0 0 0 0 0 0 0 0
4
0 18 8 2 0 10 22 18 0 0 0 8 4 10 16 24 60 4 6 0 0 0 24 18 16 16 44 14 16 4 0 8 8 8 10 6 22 2 6 0 0 0 0 6 12 0 24 0 0 0 0 0 0 4 0 8 0 0 0 0 0 0 0 0 0 0 0 0 0 0 0 0 0 0 0 0 0 0 0 0 0 0 0 0 0 0 0 0 0 0 0 0 0 0 0 0 0 0 0 0
1
14 4 16 78 58 14 26 0 0 0 0 8 18 88 70 16 20 0 0 0 0 10 20 80 78 4 0 0 0 0 0 6 4 90 32 16 8 0 4 0 0 0 8 94 12 4 8 2 0 0 0 0 0 16 0 0 0 0 0 0 0 0 0 16 8 0 0 0 0 0 0 0 0 0 0 0 0 0 0 0 0 0 0 0 0 0 0 0 0 0 0 0 0 0 0 0 0 0 0 0
4
0 44 56 38 18 18 30 6 0 0 0 38 66 104 28 10 8 4 0 0 16 46 52 0 42 20 22 8 0 0 4 26 50 16 58 18 16 16 0 0 0 0 62 0 52 2 0 0 0 0 0 0 86 2 58 0 0 0 0 0 0 0 0 0 0 0 0 0 0 0 0 0 0 0 0 0 0 0 0 0 0 0 0 0 0 0 0 0 0 0 0 0 0 0 0 0 0 0 0 0
4
0 38 16 28 16 24 22 0 0 0 0 46 46 34 18 16 16 2 0 0 0 42 46 16 12 18 28 6 0 0 0 30 86 90 20 22 18 10 2 0 0 16 20 32 0 0 0 0 4 0 0 0 6 48 0 2 0 0 0 0 0 0 26 54 0 2 0 0 0 0 0 0 0 4 0 0 0 0 0 0 0 0 44 0 0 0 0 0 0 0 0 0 20 0 0 0 0 0 0 0
4
0 4 18 16 14 4 18 10 0 0 18 18 20 20 18 8 22 10 6 0 0 18 12 20 8 16 16 16 0 6 10 10 14 12 8 4 16 0 4 0 0 2 0 18 24 18 16 2 0 0 0 0 8 6 4 2 0 0 0 0 0 0 0 0 0 0 0 0 0 0 0 0 0 0 0 0 0 0 0 0 0 0 0 0 0 0 0 0 0 0 0 0 0 0 0 0 0 0 0 0
1
0 16 10 18 20 14 16 0 0 0 8 16 4 16 22 10 8 0 0 0 4 8 18 18 26 16 14 6 2 0 2 6 16 22 28 20 22 4 0 0 0 18 18 16 16 16 4 14 0 0 0 0 0 0 0 0 0 0 0 0 0 0 0 0 0 0 0 0 0 0 0 0 0 0 0 0 0 0 0 0 0 0 0 0 0 0 0 0 0 0 0 0 0 0 0 0 0 0 0 0
1
0 2 0 8 0 0 0 0 0 0 6 10 16 22 0 0 0 0 0 0 6 18 14 22 0 16 0 0 0 0 0 14 20 14 4 4 6 0 0 0 0 4 16 12 20 0 8 12 0 0 0 0 0 0 4 0 0 0 0 0 0 0 0 0 0 0 0 0 0 0 0 0 0 0 0 0 0 0 0 0 0 0 0 0 0 0 0 0 0 0 0 0 0 0 0 0 0 0 0 0
1
6 0 0 0 0 0 0 0 0 0 0 0 0 0 0 0 0 0 0 0 0 26 0 0 0 0 0 0 0 0 0 16 18 12 8 6 10 8 0 18 0 12 12 20 8 14 8 8 6 0 0 4 0 0 6 0 2 0 0 0 0 0 0 0 10 0 0 0 0 0 0 0 0 0 0 0 0 0 0 0 0 0 0 0 0 0 0 0 0 0 0 0 0 0 0 0 0 0 0 0
1
0 0 0 0 0 0 0 0 0 0 0 0 0 0 0 0 0 0 0 0 0 0 0 0 0 0 0 0 0 0 2 28 22 16 8 0 0 6 2 6 0 14 0 0 0 26 0 0 0 0 0 0 0 10 0 0 0 0 0 0 0 0 0 0 0 0 0 0 0 0 0 0 0 0 0 0 0 0 0 0 0 0 0 0 0 0 0 0 0 0 0 0 0 0 0 0 0 0 0 0
1
0 0 0 0 0 0 2 0 0 0 0 0 0 0 0 0 0 0 0 0 0 0 0 0 0 0 0 0 0 0 20 20 0 10 0 8 10 34 0 0 2 0 10 6 6 0 0 0 0 0 0 0 0 0 0 0 0 0 0 0 0 0 0 0 0 0 0 0 0 0 0 0 0 0 0 0 0 0 0 0 0 0 0 0 0 0 0 0 0 0 0 0 0 0 0 0 0 0 0 0
1
0 0 0 0 0 0 8 0 0 0 0 0 0 0 0 0 0 0 10 0 0 0 0 0 0 0 0 0 10 0 16 12 4 8 6 0 0 6 2 0 0 2 4 0 0 0 0 0 0 0 0 0 0 0 0 0 0 0 0 0 0 0 0 0 0 0 0 0 0 0 0 0 0 0 0 0 0 0 0 0 0 0 0 0 0 0 0 0 0 0 0 0 0 0 0 0 0 0 0 0
1
0 0 0 0 0 0 0 0 0 0 0 0 0 0 0 0 12 0 0 0 0 0 0 4 0 10 0 0 22 0 8 16 26 10 6 22 0 0 24 0 0 0 0 0 0 0 2 0 0 0 0 0 0 0 0 0 0 0 0 0 0 0 0 0 0 0 0 0 0 0 0 0 0 0 0 0 0 0 0 0 0 0 0 0 0 0 0 0 0 0 0 0 0 0 0 0 0 0 0 0
1
0 0 0 0 0 10 8 0 0 0 0 0 0 28 0 34 26 0 60 0 2 0 8 0 0 36 24 0 0 0 6 0 0 22 0 40 14 0 0 0 12 4 0 16 4 18 0 0 0 0 0 6 0 0 0 6 0 0 0 0 0 0 0 0 0 0 0 0 0 0 0 0 0 0 0 0 0 0 0 0 0 0 0 0 0 0 0 0 0 0 0 0 0 0 0 0 0 0 0 0
1
0 0 18 6 48 0 6 0 0 0 26 0 22 28 58 0 0 0 26 0 28 0 16 32 56 0 0 0 0 0 26 0 10 20 72 0 0 0 0 0 4 0 2 6 4 6 0 0 0 0 10 0 0 0 6 8 0 0 0 0 0 0 0 0 0 0 0 0 0 0 0 0 0 0 0 0 0 0 0 0 0 0 0 0 0 0 0 0 0 0 0 0 0 0 0 0 0 0 0 0
1
0 0 0 8 0 0 0 0 16 0 0 4 0 44 0 4 34 0 0 0 0 2 0 0 0 0 30 0 0 0 4 8 0 0 0 0 16 0 0 0 4 0 0 0 0 14 0 0 0 0 4 0 0 6 0 0 0 0 0 0 0 0 0 0 0 0 0 0 0 0 0 0 0 0 0 0 0 0 0 0 0 0 0 0 0 0 0 0 0 0 0 0 0 0 0 0 0 0 0 0
1
0 0 0 44 0 0 20 12 0 6 44 0 0 88 0 6 34 34 0 0 0 0 0 0 0 4 12 0 0 0 0 0 0 0 0 0 0 0 0 0 2 0 0 8 0 0 4 0 4 0 4 0 0 0 2 8 0 0 0 0 0 0 0 0 0 0 0 0 0 0 0 0 0 0 0 0 2 0 0 0 0 0 0 0 0 0 0 0 0 0 0 0 0 0 0 0 0 0 0 0
4
26 0 0 64 0 0 18 10 0 0 0 0 0 56 0 32 26 0 10 0 0 0 0 12 0 0 12 12 0 0 16 0 0 0 0 0 0 0 0 0 12 0 18 6 0 8 14 0 0 0 0 0 0 4 2 6 10 0 0 0 0 0 0 8 0 0 0 0 0 0 0 0 0 0 0 6 0 0 0 0 0 0 0 0 0 0 0 0 0 0 0 0 0 0 0 0 0 0 0 0
1
78 0 2 40 14 0 0 8 6 8 0 26 10 4 26 14 0 0 0 0 0 24 0 2 0 18 30 10 0 0 4 6 0 0 0 0 0 0 0 0 6 16 0 0 8 6 0 2 0 0 0 2 0 14 10 0 0 0 0 0 0 0 0 30 6 0 0 0 8 0 0 0 0 0 0 0 0 0 0 0 0 0 0 0 0 0 0 0 0 0 0 0 0 0 0 0 0 0 0 0
4
40 0 24 46 26 0 16 10 14 0 18 0 0 30 44 22 0 0 0 0 0 0 0 10 0 12 0 0 0 0 0 0 0 0 0 0 0 0 0 0 4 0 0 0 4 0 0 0 0 0 0 0 0 16 0 4 0 12 0 0 0 0 0 0 8 0 0 0 0 0 0 0 0 0 0 0 0 0 0 0 0 0 0 0 0 0 0 0 0 0 0 0 0 0 0 0 0 0 0 0
1
42 30 36 10 10 0 10 2 0 0 44 16 10 0 16 0 0 0 0 0 12 0 28 52 0 6 0 0 0 8 0 0 0 0 0 0 0 0 0 0 2 0 10 4 0 0 0 0 6 4 0 0 6 12 0 4 0 0 2 0 0 0 0 0 0 0 0 0 0 0 0 0 0 0 0 0 0 0 0 0 0 0 0 0 0 0 0 0 0 0 0 0 0 0 0 0 0 0 0 0
1
8 0 18 12 8 10 0 0 0 10 0 0 0 0 0 0 0 0 0 0 0 0 4 0 14 10 0 0 10 8 0 0 0 0 0 0 0 0 0 0 4 0 2 0 0 8 0 10 2 0 0 0 0 2 2 6 10 6 0 0 0 0 0 0 2 0 0 6 0 0 0 0 0 0 0 0 4 14 0 0 0 0 0 0 2 0 0 0 0 0 0 0 0 0 0 0 0 0 0 0
1
4 4 0 0 0 0 0 0 0 0 0 0 14 0 0 0 4 0 0 0 0 0 0 6 0 2 8 0 0 0 0 0 0 0 0 0 0 0 0 0 0 0 0 14 10 10 12 0 0 0 0 0 0 2 16 0 4 0 0 0 0 0 0 0 4 6 0 0 0 0 0 0 0 0 8 0 0 0 0 0 0 0 0 0 4 0 0 0 0 0 0 0 0 0 0 0 0 0 0 0
1
12 0 2 0 0 0 0 4 0 0 0 0 0 0 24 0 0 0 0 0 8 10 4 16 4 0 0 0 6 0 0 0 0 0 0 0 0 0 0 0 0 0 12 10 6 4 0 0 0 0 0 2 10 10 0 0 8 8 0 0 0 0 2 4 0 0 0 0 0 0 0 0 0 4 0 0 0 0 0 0 0 0 0 0 0 0 0 0 0 0 0 0 0 0 0 0 0 0 0 0
1
24 6 0 0 0 0 0 6 0 10 0 12 0 0 8 0 0 0 0 0 6 8 2 4 0 0 6 0 0 0 0 0 0 0 0 0 0 0 0 0 0 0 0 0 0 0 0 0 0 0 0 0 0 0 0 0 0 0 0 0 0 0 0 0 0 0 0 0 0 0 0 0 0 0 0 0 0 0 0 0 0 0 0 0 0 0 0 0 0 0 0 0 0 0 0 0 0 0 0 0
1
0 0 0 0 0 10 0 0 0 0 0 0 0 2 0 0 0 0 0 0 4 0 8 4 4 4 0 0 0 0 0 0 0 0 0 0 0 0 0 0 0 0 0 0 0 0 0 0 0 0 0 0 0 0 2 0 0 0 0 0 0 0 0 0 0 0 0 0 0 0 0 0 0 0 0 0 0 0 0 0 0 0 0 0 0 0 0 0 0 0 0 0 0 0 0 0 0 0 0 0
1
16 0 0 0 0 0 0 0 0 0 0 18 0 0 0 0 0 0 0 0 6 0 4 8 0 0 0 0 0 0 0 0 0 0 0 0 0 0 0 0 0 0 0 0 0 0 0 0 0 0 0 0 0 0 0 0 0 0 0 0 0 0 0 0 0 0 0 0 0 0 0 0 0 0 0 0 0 0 0 0 0 0 0 0 0 0 0 0 0 0 0 0 0 0 0 0 0 0 0 0
1
10 14 4 0 0 4 0 0 0 0 0 0 0 0 0 0 0 0 0 0 0 0 0 0 0 0 0 0 0 0 0 0 0 0 0 0 0 0 0 0 0 0 0 0 0 0 0 0 0 0 0 0 0 2 0 0 0 0 0 0 0 0 0 0 0 0 0 0 0 0 0 0 0 0 0 0 0 0 0 0 0 0 0 0 0 0 0 0 0 0 0 0 0 0 0 0 0 0 0 0
1
0 0 0 0 0 14 10 0 74 0 0 0 2 24 4 16 16 6 58 2 0 0 0 0 18 10 10 8 74 44 0 0 0 0 6 0 12 8 0 18 0 0 0 0 0 2 0 0 52 0 0 0 0 0 0 0 0 2 20 16 0 0 0 0 0 0 0 0 0 0 0 0 0 0 0 0 0 0 0 0 0 0 0 0 0 0 0 0 0 0 0 0 0 0 0 0 0 0 0 0
1
0 0 16 18 2 96 56 10 6 8 0 0 16 12 10 112 48 22 8 12 0 0 8 18 30 116 76 34 8 12 0 0 2 0 12 0 76 0 2 0 0 0 0 0 0 118 62 0 0 0 0 0 0 12 14 0 0 0 0 0 0 0 0 0 8 6 0 0 0 0 0 0 0 0 0 0 0 0 0 0 0 0 0 0 0 0 0 0 0 0 0 0 0 0 0 0 0 0 0 0
4
4 0 12 22 8 94 122 76 64 20 0 0 0 28 10 100 114 104 40 0 12 16 8 10 16 70 136 26 82 0 0 8 18 10 20 102 126 48 64 0 0 0 0 2 0 64 114 94 56 0 0 0 0 10 2 88 106 34 56 0 0 0 0 4 18 88 114 54 50 0 0 0 0 4 8 0 0 0 0 0 0 0 0 0 0 0 0 0 0 0 0 0 0 0 0 0 0 4 0 0
0
